1
3
6
7
8
11
12
13
14
15
16
17
18
19
20
21
23
26
29
31
35
36
39
40
41
42
45
46
47
48
49
52
54
56
59
63
64
70
71
73
74
75
77
79
87
91
93
94
95
96
97
98
100
101
102
103
104
105
106
108
111
118
121
128
132
133
134
136
140
141
143
144
146
148
150
151
152
156
157
158
162
163
164
169
170
171
172
173
177
178
179
180
182
183
185
187
190
193
195
196
197
198
199
200
201
203
210
211
220
221
222
228
229
231
232
233
239
240
242
243
244
245
247
248
249
250
251
252
253
254
255
256
258
259
261
262
263
266
267
268
269
270
271
273
277
279
288
289
291
294
298
299
300
302
306
307
308
310
311
313
314
315
316
317
318
319
320
321
322
325
339
341
342
344
345
346
347
348
353
355
357
365
369
371
372
373
375
381
384
392
398
399
401
403
407
413
419
429
430
438
439
443
444
448
450
452
465
466
467
468
469
471
472
473
474
475
477
478
479
480
485
489
491
503
505
507
509
512
518
525
544
549
550
551
554
555
563
575
576
581
587
589
590
593
597
598
603
614
615
617
619
623
624
625
627
628
630
632
634
636
640
641
643
647
648
649
653
655
659
660
661
665
675
677
678
681
683
684
685
689
692
695
696
698
699
700
704
705
707
712
715
718
724
725
728
729
732
735
736
738
739
743
745
746
748
749
750
751
752
755
756
757
758
761
763
770
771
773
774
776
778
779
780
781
782
783
784
785
787
788
789
791
792
793
794
795
796
800
805
806
808
809
812
817
821
824
825
826
828
829
830
838
845
846
848
852
854
856
857
861
862
868
875
877
878
879
881
882
883
885
886
887
890
895
896
899
900
905
908
909
912
917
921
922
930
933
934
936
939
941
944
951
956
957
960
962
963
964
965
968
970
971
975
977
981
985
986
987
989
992
994
998
1002
1003
1007
1011
1012
1013
1017
1018
1019
1023
1024
1025
1026
1028
1029
1030
1031
1034
1035
1036
1039
1042
1043
1045
1047
1053
1057
1059
1063
1067
1071
1076
1083
1085
1086
1088
1089
1090
1094
1095
1096
1098
1099
1100
1101
1102
1103
1104
1105
1107
1108
1109
1110
1111
1112
1113
1114
1117
1118
1120
1122
1123
1124
1125
1126
1128
1133
1134
1140
1144
1146
1148
1150
1151
1152
1153
1154
1155
1156
1162
1164
1173
1176
1180
1183
1186
1193
1195
1199
1203
1204
1205
1208
1210
1213
1226
1229
1231
1233
1234
1235
1236
1237
1241
1242
1243
1244
1245
1250
1251
1254
1255
1257
1259
1262
1263
1264
1265
1266
1267
1269
1271
1273
1274
1276
1279
1280
1282
1285
1286
1289
1290
1291
1292
1299
1300
1301
1302
1306
1307
1308
1311
1314
1315
1322
1323
1330
1332
1336
1337
1341
1344
1345
1347
1348
1349
1350
1351
1352
1354
1355
1356
1363
1364
1368
1372
1378
1381
1383
1385
1386
1388
1389
1394
1395
1399
1401
1403
1404
1405
1407
1408
1409
1410
1411
1412
1413
1416
1417
1418
1419
1420
1428
1432
1433
1434
1435
1439
1442
1444
1445
1446
1449
1450
1452
1453
1454
1455
1458
1464
1469
1470
1471
1472
1473
1474
1480
1481
1482
1483
1484
1486
1488
1489
1490
1491
1493
1494
1495
1498
1501
1502
1509
1519
1522
1523
1525
1526
1527
1534
1535
1538
1539
1541
1542
1543
1545
1547
1549
1554
1555
1558
1562
1567
1569
1570
1573
1575
1576
1578
1579
1580
1584
1588
1591
1595
1602
1604
1607
1609
1613
1618
1621
1623
1629
1631
1635
1642
1659
1660
1662
1674
1677
1680
1691
1692
1695
1697
1701
1704
1705
1708
1709
1712
1714
1715
1716
1718
1719
1721
1723
1724
1725
1727
1731
1733
1735
1736
1737
1739
1740
1741
1745
1747
1750
1751
1756
1757
1765
1776
1777
1778
1779
1784
1785
1787
1788
1791
1792
1794
1795
1796
1800
1801
1803
1806
1807
1809
1817
1821
1824
1826
1828
1829
1836
1838
1839
1840
1855
1856
1860
1861
1863
1864
1868
1876
1886
1893
1896
1900
1901
1902
1903
1904
1905
1906
1907
1908
1909
1920
1922
1923
1926
1929
1930
1931
1932
1934
1935
1937
1938
1939
1941
1942
1945
1946
1949
1950
1951
1952
1953
1954
1955
1957
1959
1960
1964
1966
1968
1972
1977
1978
1982
1983
1984
1990
1991
1997
1999
2000
2005
2006
2007
2008
2010
2012
2013
2014
2016
2019
2021
2022
2024
2025
2026
2027
2030
2033
2037
2038
2048
2051
2052
2053
2055
2064
2068
2071
2075
2076
2079
2082
2083
2084
2086
2090
2107
2118
2125
2130
2133
2135
2136
2138
2140
2142
2146
2148
2149
2151
2154
2155
2157
2159
2160
2162
2163
2167
2169
2170
2171
2172
2175
2181
2183
2189
2190
2191
2192
2193
2195
2196
2197
2198
2199
2200
2204
2205
2207
2209
2210
2211
2212
2213
2216
2220
2221
2233
2234
2237
2239
2240
2243
2244
2246
2249
2257
2260
2263
2264
2266
2267
2268
2269
2276
2278
2279
2280
2284
2288
2294
2299
2302
2303
2304
2305
2306
2307
2309
2310
2311
2313
2314
2315
2316
2317
2318
2319
2320
2323
2324
2328
2329
2330
2332
2334
2335
2336
2337
2339
2341
2342
2345
2346
2349
2350
2356
2358
2359
2365
2369
2370
2371
2372
2373
2374
2375
2376
2377
2382
2397
2403
2405
2407
2409
2413
2414
2418
2423
2425
2426
2427
2431
2432
2433
2438
2440
2443
2446
2459
2464
2468
2469
2471
2472
2476
2478
2479
2480
2481
2482
2483
2487
2488
2491
2492
2500
2511
2512
2519
2525
2532
2536
2538
2539
2543
2545
2546
2547
2552
2553
2555
2558
2563
2564
2566
2569
2570
2571
2575
2578
2579
2580
2584
2585
2586
2588
2590
2595
2602
2603
2604
2605
2606
2607
2608
2618
2624
2630
2631
2632
2633
2634
2635
2638
2639
2640
2641
2644
2646
2647
2650
2651
2652
2653
2654
2660
2661
2665
2667
2668
2669
2670
2671
2673
2674
2675
2677
2678
2679
2682
2683
2685
2691
2693
2694
2695
2697
2701
2702
2704
2708
2709
2711
2713
2714
2717
2719
2721
2723
2724
2725
2726
2727
2731
2733
2735
2737
2738
2739
2743
2745
2748
2749
2750
2752
2753
2767
2772
2774
2776
2777
2778
2779
2780
2782
2783
2785
2787
2791
2792
2793
2794
2795
2798
2800
2801
2802
2805
2806
2807
2808
2809
2812
2838
2842
2843
2844
2845
2846
2848
2851
2856
2858
2859
2873
2874
2881
2886
2887
2888
2890
2892
2893
2894
2895
2896
2897
2900
2912
2913
2917
2919
2923
2927
2930
2933
2934
2937
2938
2948
2949
2951
2952
2955
2957
2958
2959
2960
2962
2964
2965
2966
2967
2970
2975
2977
2978
2979
2980
2984
2991
2992
2993
2999
3001
3010
3013
3015
3017
3018
3028
3032
3039
3046
3049
3052
3053
3057
3058
3059
3060
3064
3066
3067
3069
3070
3071
3073
3074
3075
3077
3078
3082
3086
3093
3096
3102
3108
3112
3115
3116
3117
3118
3119
3121
3125
3128
3130
3134
3137
3138
3141
3142
3143
3146
3152
3153
3159
3160
3164
3165
3167
3170
3172
3173
3175
3176
3178
3183
3188
3191
3192
3199
3200
3201
3202
3203
3204
3206
3208
3210
3211
3212
3215
3218
3219
3220
3222
3223
3224
3226
3228
3229
3230
3231
3232
3233
3234
3235
3236
3237
3238
3241
3242
3245
3250
3252
3256
3257
3259
3261
3262
3263
3264
3274
3277
3283
3284
3286
3289
3293
3298
3299
3303
3304
3305
3317
3318
3320
3322
3323
3326
3327
3330
3331
3339
3345
3346
3347
3348
3349
3350
3352
3353
3354
3359
3361
3362
3363
3367
3368
3372
3373
3374
3375
3376
3377
3378
3382
3385
3386
3388
3389
3403
3406
3408
3411
3413
3418
3419
3421
3422
3425
3426
3427
3428
3432
3433
3436
3440
3441
3445
3448
3454
3455
3460
3461
3463
3466
3467
3468
3469
3470
3471
3477
3480
3481
3486
3488
3489
3490
3491
3492
3496
3506
3507
3510
3512
3513
3514
3515
3516
3517
3518
3521
3523
3524
3526
3529
3530
3532
3533
3535
3536
3538
3543
3544
3547
3548
3549
3552