0-0 0 0 0 0 0 0 0 -0 0 0 0 0 1 0 0 
2-0 0 0 1 0 0 0 0 -0 0 1 1 0 0 1 0 
4-0 1 0 0 1 0 0 0 0 0 -0 0 0 0 1 0 0 0 0 0 
5-0 0 1 0 1 0 0 0 0 0 -0 0 1 0 0 0 0 0 0 0 
9-0 0 0 0 0 0 1 0 1 -0 0 0 0 0 0 0 0 1 
10-0 1 0 0 0 0 1 0 0 -0 1 0 0 0 0 0 0 1 
22-1 0 0 0 0 0 0 0 -1 0 0 0 1 0 0 0 
24-0 0 1 0 0 0 0 0 -0 0 1 0 0 0 0 1 
25-0 0 1 1 0 0 0 0 -0 0 0 1 0 0 0 0 
27-0 1 1 1 0 0 0 0 -0 0 0 1 0 0 0 0 
28-0 0 1 1 0 0 0 0 -0 1 0 1 0 0 0 0 
30-1 0 0 0 1 0 0 0 0 -0 0 0 0 1 0 0 0 0 
32-1 0 0 0 0 0 0 0 0 -1 0 0 0 0 1 0 0 0 
33-0 0 0 0 0 1 0 1 0 -0 0 0 0 0 0 0 1 0 
34-0 1 0 1 0 0 1 0 0 0 -0 1 0 0 0 0 1 0 0 0 
37-0 0 0 0 0 0 0 0 0 1 -0 0 0 0 0 0 0 0 1 1 
38-0 1 0 0 0 1 0 0 -0 1 0 0 0 0 0 0 
43-0 0 0 0 0 0 1 1 -0 0 0 0 0 0 1 0 
44-0 0 0 0 0 0 0 0 -0 0 0 0 0 0 0 1 
50-0 0 0 0 0 1 0 1 0 0 -0 0 0 0 0 0 0 1 0 0 
51-0 1 0 0 0 1 0 1 1 1 -0 0 0 0 0 1 0 0 1 0 
53-1 0 0 0 1 0 1 0 0 -0 0 0 0 0 0 1 0 0 
55-0 0 0 0 0 0 1 1 -0 0 0 0 0 0 0 1 
57-0 1 0 0 1 0 0 0 -0 0 0 0 1 0 0 0 
58-0 0 0 0 1 0 1 0 -0 0 0 0 0 0 1 0 
60-0 0 0 0 1 0 0 0 1 1 -0 0 0 0 0 0 0 0 1 1 
61-1 0 0 0 0 1 0 0 0 0 -1 0 0 0 0 0 0 0 0 0 
62-0 0 0 1 0 0 1 0 0 0 -0 0 1 0 0 1 0 0 0 0 
65-0 0 0 0 0 0 0 0 -0 0 1 0 0 0 0 0 
66-1 1 0 0 1 1 1 1 -0 0 0 0 0 0 1 0 
67-1 1 1 0 0 1 0 0 0 -1 0 1 0 0 0 0 0 0 
68-0 0 0 1 0 1 0 0 0 -0 0 0 0 0 1 0 0 0 
69-0 1 0 0 0 0 0 0 0 -0 1 0 0 0 0 0 0 1 
72-1 0 0 1 0 0 0 0 -0 0 0 1 0 0 0 0 
76-0 1 0 0 0 0 0 0 -1 0 0 0 1 0 0 0 
78-0 0 0 0 0 0 0 0 0 0 -0 0 0 0 1 0 0 0 0 0 
80-0 0 0 0 0 0 1 0 0 1 -0 1 1 0 0 0 1 0 0 0 
81-0 0 0 0 0 0 0 1 -0 1 0 0 0 0 1 0 
82-0 0 1 0 0 0 1 0 -0 0 1 1 0 0 0 0 
83-0 1 1 0 0 0 0 0 -1 1 0 0 0 0 0 0 
84-0 0 0 0 1 0 0 1 -0 0 0 0 1 0 1 0 
85-0 1 0 0 0 0 1 0 0 -0 1 0 0 0 0 0 0 0 
86-0 0 0 0 0 0 0 0 1 -0 0 1 0 0 0 1 0 0 
88-0 0 1 0 0 0 0 0 -0 1 1 0 0 0 0 0 
89-1 0 0 0 0 0 0 0 -0 0 1 0 1 0 0 0 
90-1 0 0 0 1 0 0 0 -1 0 0 0 1 0 0 1 
92-0 0 1 1 0 1 0 0 -0 0 1 0 0 0 0 0 
99-0 0 0 0 0 1 1 0 1 0 -0 0 0 0 0 1 0 0 0 0 
107-0 0 0 1 0 0 0 1 -0 0 0 0 0 0 0 1 
109-0 1 0 0 0 0 0 0 0 -0 0 0 0 1 0 0 0 0 
110-0 1 0 1 0 0 0 0 0 -0 0 0 1 0 0 0 0 0 
112-0 1 0 0 0 0 0 0 0 0 -0 0 0 0 1 0 0 0 0 0 
113-1 1 0 0 0 0 0 0 0 0 -1 0 0 0 0 0 0 0 0 0 
114-0 0 0 0 0 0 0 1 0 0 -0 0 0 0 0 1 0 1 0 0 
115-0 1 0 0 0 0 0 0 0 0 -0 0 0 0 0 0 1 0 0 0 
116-1 0 0 0 1 0 0 0 -1 0 0 0 0 0 0 0 
117-0 1 0 1 1 0 0 0 -0 0 1 1 0 0 0 0 
119-0 1 0 0 0 0 1 1 -0 0 0 0 1 0 0 0 
120-0 0 1 1 1 0 0 0 -0 0 1 0 0 0 0 0 
122-0 0 0 1 0 1 0 0 -0 0 0 1 0 0 0 0 
123-0 0 0 0 0 0 0 0 -0 0 0 1 0 0 0 0 
124-0 1 1 0 1 0 0 0 -0 0 1 0 1 0 0 0 
125-0 0 1 0 1 0 0 0 -1 0 0 0 0 0 0 0 
126-0 0 1 0 0 1 1 0 -0 0 1 0 0 0 1 0 
127-0 0 0 0 0 1 0 0 -0 0 0 0 0 1 0 1 
129-0 0 0 1 0 1 0 1 -0 0 1 0 0 0 0 0 
130-0 0 0 0 0 1 1 0 -0 0 0 0 0 1 0 1 
131-0 0 0 0 0 0 1 1 -0 0 0 0 0 0 1 0 
135-0 0 0 0 0 0 0 0 0 0 -0 0 0 0 0 0 0 0 0 1 
137-0 0 0 0 0 0 0 0 -0 0 0 0 0 0 0 1 
138-1 0 1 0 0 0 0 1 -0 0 1 0 0 0 0 1 
139-1 0 1 0 1 0 1 1 -1 0 1 0 0 0 0 0 
142-0 0 0 0 1 0 0 0 1 -0 0 0 0 1 0 0 0 0 
145-0 0 0 0 0 0 0 0 -0 0 1 0 0 0 0 0 
147-0 0 0 0 0 0 0 0 -0 0 0 0 0 0 1 0 
149-0 0 1 0 0 1 0 0 0 0 -0 0 0 0 0 1 0 0 0 0 
153-1 1 0 0 0 0 0 0 0 0 -0 1 0 0 0 0 0 0 0 0 
154-0 0 1 1 0 1 0 0 -0 0 0 0 0 1 0 0 
155-0 0 1 0 0 0 0 0 -0 0 0 1 0 0 0 0 
159-0 0 0 0 0 1 0 0 0 -0 0 1 0 0 1 0 0 0 
160-0 0 0 0 0 0 0 0 0 -0 1 0 0 0 0 0 0 0 
161-1 0 1 0 0 0 0 0 0 -0 1 0 0 0 0 0 0 0 
165-0 1 0 1 0 1 0 0 -0 1 0 0 0 1 0 0 
166-1 1 1 0 0 0 0 0 -0 1 0 0 0 0 0 0 
167-1 0 0 0 0 0 0 1 -1 0 0 0 1 0 0 0 
168-0 0 0 1 0 0 0 0 -0 1 0 0 0 0 0 0 
174-0 0 0 0 1 0 0 0 0 -0 0 0 0 0 0 1 0 0 
175-0 1 0 0 0 0 1 0 -0 1 0 0 0 0 0 0 
176-0 0 1 0 0 0 0 1 -0 0 0 0 0 0 1 0 
181-0 0 0 0 0 1 1 1 0 0 -0 0 0 0 0 0 1 1 0 0 
184-0 1 1 0 0 0 1 1 -0 0 1 0 1 0 0 0 
186-0 0 0 0 0 0 0 0 -0 0 0 0 1 0 0 0 
188-1 0 0 1 0 0 0 1 -1 1 0 0 0 0 0 0 
189-0 0 0 0 0 0 1 1 0 0 -0 0 0 0 0 0 0 1 0 0 
191-0 0 1 1 1 0 0 0 0 0 -0 1 0 0 0 0 1 0 0 0 
192-1 0 0 1 1 1 0 0 0 1 -0 1 0 0 1 0 0 0 0 0 
194-0 0 1 0 1 0 0 0 -0 0 0 0 1 0 0 0 
202-0 0 0 0 1 0 1 0 0 -0 0 0 0 1 0 0 0 0 
204-0 0 0 0 0 0 0 0 0 -0 0 0 0 0 0 1 0 0 
205-0 0 0 0 0 0 0 0 0 -0 0 0 0 0 0 0 1 0 
206-0 0 1 0 0 1 0 0 0 0 -0 0 0 0 0 1 0 0 0 0 
207-0 0 0 0 0 0 0 1 0 0 -0 0 0 0 0 0 0 1 1 0 
208-0 0 1 0 1 0 0 0 0 0 -1 0 0 0 1 0 0 0 0 0 
209-1 1 0 0 0 0 0 0 0 0 -0 1 0 0 0 0 0 0 0 0 
212-0 0 0 0 1 1 1 0 -0 0 0 0 0 1 0 0 
213-1 1 0 1 0 0 1 1 -0 0 0 0 0 1 1 0 
214-0 0 0 0 0 0 0 0 -0 1 0 0 0 0 0 0 
215-0 0 0 0 1 1 0 0 -0 0 0 0 1 0 1 0 
216-1 1 1 0 1 0 1 0 -0 0 0 0 1 0 0 0 
217-0 0 0 0 0 0 0 0 -1 0 0 0 0 0 0 0 
218-0 0 0 0 0 0 0 0 0 -0 1 0 0 0 0 0 0 0 
219-0 0 0 0 0 0 0 0 1 -1 0 0 0 0 0 0 0 1 
223-0 0 1 0 0 0 1 0 -0 0 0 0 1 0 1 0 
224-0 0 0 0 0 1 1 0 -0 0 0 0 0 1 0 0 
225-0 0 0 0 1 0 0 0 -1 1 0 0 0 0 0 0 
226-0 0 1 0 0 0 0 0 -0 0 0 0 1 0 0 0 
227-1 1 0 1 1 0 0 0 -0 0 0 1 0 0 0 0 
230-1 1 0 0 1 1 0 0 0 -0 0 0 0 1 1 1 0 0 
234-0 0 1 1 0 0 0 0 -0 0 0 1 0 0 0 0 
235-0 0 1 1 0 0 0 0 -0 0 1 0 0 0 0 0 
236-0 0 1 1 1 0 1 0 -0 0 0 0 1 0 1 0 
237-1 0 0 0 1 1 0 0 0 0 -1 0 0 0 1 0 0 0 0 0 
238-0 0 0 0 1 1 0 0 0 0 -0 0 1 0 0 1 0 0 0 0 
241-0 0 0 0 0 0 0 0 0 -0 0 1 0 0 0 0 0 0 
246-1 1 1 0 1 0 1 1 -1 0 0 0 0 0 0 1 
257-0 0 1 1 0 1 0 0 0 1 -0 0 1 1 0 0 0 0 0 0 
260-1 0 1 0 1 0 0 1 -0 0 0 0 1 0 0 0 
264-1 0 0 0 0 0 0 0 -1 0 0 0 0 1 0 0 
265-0 0 1 0 0 1 0 0 -1 0 1 0 0 0 0 0 
272-0 0 0 0 0 0 0 0 0 -1 0 0 0 0 0 0 0 0 
274-0 0 0 0 0 0 1 1 0 -0 0 0 0 0 0 1 0 0 
275-0 0 0 0 1 1 1 0 1 0 -0 0 0 0 0 0 1 0 1 0 
276-0 0 0 0 0 1 1 0 0 0 -0 1 0 0 0 1 0 0 0 0 
278-0 0 1 0 0 0 1 0 0 0 -0 0 0 0 1 0 0 0 0 0 
280-0 1 0 0 0 0 0 0 0 0 -0 0 1 0 0 0 0 0 0 0 
281-0 0 0 0 0 0 0 0 1 1 -0 0 0 0 0 0 0 0 1 0 
282-1 1 0 0 0 1 0 0 0 1 -1 0 0 0 0 0 0 0 0 0 
283-1 0 0 0 0 0 0 0 0 0 -0 0 0 1 0 0 0 0 0 0 
284-0 0 0 0 0 0 0 0 -0 0 0 1 0 0 0 0 
285-1 0 0 0 0 0 1 0 -1 0 0 0 0 0 0 0 
286-0 0 0 0 0 0 1 1 -0 0 0 0 0 0 1 0 
287-1 1 0 0 1 0 0 0 -0 0 0 0 0 0 0 1 
290-0 0 0 0 0 0 0 0 0 -0 1 0 0 0 0 0 0 0 
292-0 0 1 0 0 0 0 0 1 -0 0 1 0 0 0 0 0 0 
293-1 0 0 0 0 0 0 0 -0 0 0 0 0 0 0 1 
295-0 0 0 1 0 0 0 1 -0 0 0 1 0 0 0 0 
296-0 0 0 0 0 1 1 0 -0 0 0 0 0 0 1 0 
297-1 0 0 0 0 0 0 0 -0 0 1 0 0 0 0 0 
301-0 0 0 1 0 1 0 1 -0 0 0 1 0 0 0 0 
303-0 0 1 0 0 1 0 1 -0 0 0 0 0 1 0 0 
304-0 0 0 0 0 1 1 1 -0 0 0 0 0 0 0 1 
305-0 0 0 0 0 1 1 0 -0 0 0 0 0 1 0 0 
309-0 0 0 0 0 0 1 0 0 1 -0 0 0 0 0 0 0 0 0 1 
312-1 0 0 0 0 0 1 0 0 0 -0 0 0 0 0 0 1 0 0 0 
323-0 0 0 1 0 0 1 0 0 -0 0 0 1 0 0 1 0 1 
324-0 1 0 0 0 0 0 0 0 -0 1 0 1 0 0 0 0 0 
326-0 1 0 0 0 0 0 0 -0 1 0 0 0 0 0 1 
327-0 0 0 0 0 0 0 0 -0 1 0 0 0 0 0 0 
328-0 1 0 1 0 0 0 0 -0 0 0 1 0 0 0 0 
329-0 0 0 0 1 1 0 1 0 0 -0 0 0 0 1 0 0 0 0 0 
330-1 0 1 0 0 1 1 0 1 0 -1 0 1 0 0 0 0 1 0 0 
331-0 0 0 0 0 0 0 0 0 0 -0 0 0 0 0 1 0 0 0 0 
332-1 0 0 0 0 0 0 0 -1 0 0 0 1 0 0 0 
333-0 0 0 0 0 0 1 0 -0 0 0 0 1 0 0 0 
334-0 0 0 0 1 0 0 1 -0 0 0 0 1 0 1 0 
335-0 0 0 0 0 0 1 1 -0 0 0 0 0 0 0 1 
336-1 0 0 0 0 0 0 0 -1 0 0 0 1 0 0 0 
337-0 1 0 0 0 0 1 0 -0 1 0 0 1 0 0 0 
338-0 0 0 0 0 0 0 1 1 -0 0 0 0 0 0 0 1 0 
340-0 0 1 0 0 0 1 0 0 -0 0 0 0 0 0 1 0 0 
343-1 0 1 0 0 1 0 1 -0 0 0 0 0 1 0 1 
349-0 0 1 0 0 0 0 0 0 0 -1 0 1 0 0 0 0 0 0 0 
350-0 1 0 0 0 0 1 0 -0 1 0 0 0 0 0 1 
351-0 0 0 0 0 0 1 1 -0 0 0 0 0 0 1 0 
352-1 0 0 0 1 0 0 0 -1 0 0 0 0 0 0 0 
354-0 0 0 0 0 0 1 0 -1 0 0 0 1 0 1 0 
356-0 1 0 0 0 0 0 0 1 -0 0 0 0 0 0 0 0 1 
358-0 1 0 0 0 1 0 0 1 -0 1 0 0 0 0 1 0 0 
359-0 0 0 0 0 0 0 0 0 -0 0 0 1 0 0 0 0 0 
360-1 0 0 0 0 0 0 0 0 0 -1 0 0 0 0 0 0 1 0 0 
361-1 0 0 0 1 0 0 0 0 0 -0 0 0 0 1 0 0 0 0 0 
362-0 0 0 0 0 0 1 0 0 0 -0 0 0 0 0 1 0 0 0 0 
363-0 0 1 0 0 0 1 0 0 0 -0 0 1 0 0 0 0 0 0 0 
364-0 0 0 0 0 1 0 1 -0 0 0 0 0 1 0 0 
366-0 1 0 1 0 0 0 0 -0 1 0 0 0 0 0 0 
367-0 1 0 1 0 0 0 0 -0 1 0 0 0 0 0 0 
368-0 1 0 0 0 0 0 0 -0 0 0 1 0 0 0 0 
370-0 1 0 0 1 0 1 0 -0 1 0 0 1 0 0 0 
374-0 0 0 0 0 0 0 1 -0 0 0 0 0 0 1 1 
376-0 0 0 0 0 1 0 1 -0 0 0 0 0 1 0 0 
377-0 0 0 0 0 0 0 1 -0 0 0 1 0 1 1 1 
378-0 1 0 1 0 0 1 0 1 0 -0 1 0 0 0 0 0 0 1 0 
379-0 0 0 0 0 0 1 0 0 0 -0 0 0 1 0 0 0 0 1 0 
380-0 0 0 0 0 0 1 0 0 0 -0 0 0 0 0 0 1 0 1 0 
382-1 0 0 0 0 0 1 0 0 -0 0 1 0 0 0 0 0 0 
383-0 0 0 0 0 0 0 0 1 -0 0 1 1 0 0 0 0 1 
385-0 0 0 0 0 1 0 1 -0 0 1 0 0 0 0 1 
386-0 0 0 0 0 0 1 0 -0 0 0 0 0 1 1 0 
387-0 0 0 0 0 0 0 0 -1 0 0 0 0 1 1 0 
388-0 1 0 0 0 0 0 0 -0 1 0 0 0 0 0 1 
389-1 0 0 0 0 0 0 0 0 0 -1 0 0 0 0 0 0 1 0 0 
390-0 0 1 0 0 0 0 0 1 0 -0 1 0 0 0 0 0 0 0 0 
391-0 1 0 0 1 0 0 1 1 0 -0 0 1 1 1 0 0 0 0 0 
393-0 0 1 0 0 0 0 0 -0 1 0 0 0 0 0 0 
394-1 0 0 1 0 0 0 0 -1 0 1 0 0 0 0 0 
395-0 0 1 0 0 0 0 0 0 -0 0 0 1 0 0 0 0 0 
396-0 1 0 0 0 0 0 0 0 -0 1 1 0 0 0 0 0 0 
397-1 0 0 0 0 0 0 0 0 -1 0 0 0 0 0 0 1 0 
400-0 1 0 0 0 0 0 0 -1 1 0 0 0 0 0 0 
402-0 0 1 0 0 0 0 0 -0 0 0 1 0 0 0 0 
404-0 0 0 0 0 0 0 0 -0 0 0 0 0 1 1 0 
405-0 0 1 0 0 0 1 0 -0 0 1 0 0 0 0 0 
406-0 0 1 0 0 0 0 0 -0 0 1 1 0 0 1 0 
408-0 0 0 0 0 0 1 1 -0 0 1 0 1 0 0 0 
409-0 0 0 1 0 0 0 0 0 1 -0 0 0 1 0 0 0 0 0 0 
410-0 0 1 0 0 0 0 0 0 1 -0 0 0 0 1 0 0 0 0 1 
411-0 0 1 0 0 0 1 1 0 1 -0 0 0 0 0 0 1 0 0 0 
412-0 0 1 1 0 1 1 0 1 1 -0 0 0 0 0 0 0 1 0 0 
414-0 1 0 0 1 0 0 0 -0 0 0 1 1 0 0 0 
415-1 0 0 0 0 0 0 1 -0 0 0 1 0 1 0 1 
416-0 0 0 1 1 0 1 0 0 -0 0 0 0 1 0 1 0 0 
417-0 0 0 1 0 0 0 0 0 -0 0 0 1 0 0 0 1 0 
418-0 1 0 0 0 0 0 0 0 -0 0 0 1 0 0 0 0 0 
420-1 0 1 0 1 0 0 1 0 -0 0 1 0 0 0 0 1 0 
421-0 0 0 0 0 0 0 1 0 -0 0 0 0 1 0 0 0 0 
422-0 0 0 1 0 0 0 0 1 0 -0 0 0 1 0 1 0 0 0 0 
423-0 1 1 0 0 0 0 0 0 0 -0 1 0 0 0 0 0 0 0 0 
424-0 0 1 0 0 0 0 0 0 0 -1 0 1 0 0 0 0 0 0 0 
425-0 0 0 0 0 1 0 1 -0 0 1 0 0 1 0 0 
426-0 1 1 0 0 0 0 0 -1 1 0 0 0 0 0 0 
427-0 0 1 0 0 0 0 0 -0 0 1 1 0 0 0 0 
428-0 0 0 0 0 0 0 0 -0 1 0 0 0 0 0 0 
431-1 0 0 0 0 0 1 0 -0 0 0 1 0 1 0 0 
432-0 1 1 0 0 0 1 1 -1 0 0 0 0 0 0 0 
433-0 1 0 1 0 0 0 0 -0 1 0 0 0 0 0 0 
434-0 0 0 0 1 0 1 0 0 0 -0 0 0 0 1 0 0 0 0 0 
435-1 0 1 0 0 0 0 0 0 0 -1 0 0 0 0 0 0 0 0 0 
436-0 0 0 1 0 0 0 0 1 0 -0 0 0 0 0 0 0 0 1 0 
437-1 1 0 0 0 1 1 1 0 0 -0 0 1 1 0 0 1 0 0 0 
440-0 0 0 0 0 0 0 0 -1 0 1 0 0 0 0 0 
441-0 1 0 0 0 1 0 0 -0 1 0 0 0 0 0 0 
442-1 0 0 1 0 1 1 0 -1 0 1 0 0 1 0 0 
445-1 0 0 0 0 0 0 0 0 -0 0 0 1 0 0 0 0 0 
446-0 0 0 0 0 0 1 0 0 -1 0 0 0 0 0 1 0 0 
447-0 1 0 1 1 0 0 1 -0 1 0 1 0 0 0 1 
449-1 0 0 1 1 0 1 1 -0 0 0 0 0 0 1 0 
451-1 0 0 0 0 0 0 0 -1 0 0 1 0 0 0 0 
453-0 0 1 0 0 0 0 1 -0 0 0 0 0 0 0 1 
454-1 0 1 0 0 0 0 0 -0 0 1 0 0 0 0 0 
455-1 1 0 1 0 0 0 0 -1 0 0 0 0 0 0 0 
456-1 0 0 1 0 0 0 1 0 -0 1 0 0 0 0 0 1 0 
457-1 1 0 1 0 1 0 1 1 -0 0 0 1 0 1 0 0 0 
458-1 1 0 0 0 0 0 0 0 -1 0 0 0 0 0 0 0 0 
459-0 1 0 1 0 0 1 0 -0 1 0 1 0 0 0 0 
460-1 1 0 0 0 0 0 0 -1 0 0 0 0 0 0 0 
461-1 1 0 0 0 0 0 0 -0 0 0 0 0 0 1 0 
462-1 0 0 1 0 0 0 1 1 0 -0 0 0 0 0 0 0 1 1 0 
463-0 1 0 1 0 0 0 0 1 0 -1 1 0 0 0 0 0 0 0 0 
464-1 0 0 1 0 0 0 1 0 1 -0 0 0 1 0 0 0 0 0 1 
470-0 1 1 0 0 0 0 0 0 0 -0 1 0 0 0 0 0 0 0 0 
476-0 0 0 0 0 1 0 1 -0 0 0 0 0 0 0 1 
481-0 0 0 0 0 0 1 1 0 -0 0 0 0 0 0 0 1 0 
482-0 0 0 0 1 1 1 0 0 -0 0 0 0 0 0 1 0 0 
483-0 0 1 0 0 0 1 0 0 -0 0 1 0 0 0 0 0 0 
484-0 0 0 0 0 0 1 0 1 -0 0 0 0 0 0 0 0 1 
486-0 0 0 0 0 1 1 0 -0 0 0 0 0 1 0 0 
487-0 1 0 1 0 0 0 1 -0 0 0 1 0 0 0 1 
488-0 0 0 0 1 0 1 1 1 -0 0 0 0 1 0 0 0 1 
490-0 0 0 0 0 0 0 0 0 -0 0 0 1 0 0 1 1 0 
492-0 0 0 0 0 0 0 0 -0 0 0 0 0 0 0 1 
493-0 0 1 0 0 0 1 0 -0 0 0 0 0 0 1 0 
494-0 0 0 0 0 0 0 0 -0 0 0 0 0 0 0 1 
495-0 0 0 1 0 0 1 0 -0 0 0 0 1 0 1 0 
496-1 0 0 0 0 0 0 0 -0 0 0 0 0 1 0 0 
497-0 0 0 0 0 0 0 0 1 1 -0 0 0 0 0 0 0 0 1 0 
498-0 0 0 0 1 0 0 0 0 1 -0 0 0 0 0 0 0 0 0 1 
499-0 0 0 0 0 0 1 0 0 0 -0 0 0 0 0 1 0 0 0 0 
500-0 0 0 0 0 0 0 0 0 1 -0 0 0 0 1 0 1 1 0 0 
501-0 0 1 1 0 0 0 0 -0 0 0 1 0 0 0 0 
502-1 0 0 0 0 0 0 0 -0 0 0 0 0 0 1 0 
504-1 0 0 0 1 0 1 0 -0 0 0 0 1 0 0 0 
506-0 0 0 1 1 0 0 0 -0 0 0 0 1 0 0 0 
508-0 0 0 0 0 0 0 0 -0 0 0 0 0 0 0 1 
510-1 0 0 0 0 1 0 1 0 -1 0 0 0 0 1 0 0 0 
511-0 0 0 1 0 1 0 1 0 -0 0 0 0 0 0 0 1 0 
513-0 0 1 1 0 0 0 0 -0 0 0 1 0 0 0 0 
514-1 0 1 0 0 0 1 1 -1 0 0 0 0 0 0 0 
515-0 0 0 0 0 0 0 0 -0 0 0 0 0 0 1 0 
516-1 0 1 0 0 0 0 1 -0 0 0 0 0 1 0 0 
517-0 0 0 0 1 1 0 0 1 0 -1 0 0 0 0 1 0 0 0 0 
519-0 0 0 1 0 0 0 0 0 0 -0 0 0 0 0 0 0 0 1 0 
520-0 0 0 0 0 0 1 0 0 1 -0 0 0 0 0 0 0 1 0 0 
521-0 1 0 0 0 0 1 0 0 1 -0 0 0 0 0 0 0 0 0 1 
522-0 0 0 0 0 1 1 0 0 0 -0 0 0 0 0 1 0 0 0 0 
523-1 0 0 0 0 0 0 0 1 1 -1 0 0 0 0 0 0 0 0 0 
524-0 0 0 0 0 0 0 1 0 0 -0 0 0 0 0 0 0 1 0 1 
526-0 0 0 1 1 0 0 0 -0 0 0 0 1 0 0 0 
527-1 1 0 0 0 1 1 0 -0 1 0 0 0 0 0 0 
528-1 1 0 1 1 1 1 0 -0 0 0 1 1 0 0 0 
529-0 0 0 1 0 0 0 0 -0 1 0 0 0 0 0 1 
530-1 0 1 1 0 0 0 0 -0 0 0 1 0 0 0 0 
531-1 0 0 0 0 0 1 0 -0 0 0 1 0 0 1 0 
532-1 0 0 0 1 1 0 0 -1 0 0 0 1 0 0 0 
533-0 0 0 0 0 1 0 0 0 -0 0 1 0 0 1 0 0 0 
534-1 0 0 1 0 1 0 1 0 -1 0 0 1 0 0 0 0 0 
535-0 1 0 1 0 1 1 0 1 -0 0 0 1 0 0 0 1 0 
536-1 0 0 1 0 1 0 0 -1 0 0 1 0 0 0 0 
537-1 0 0 0 0 1 1 0 -0 0 0 0 0 1 1 0 
538-0 0 1 1 0 0 0 0 -0 0 1 0 0 0 0 0 
539-0 0 0 1 0 1 1 0 -0 0 0 0 0 1 1 0 
540-0 0 1 0 0 0 0 1 -0 0 1 1 0 0 1 0 
541-1 0 0 1 0 0 0 0 1 1 -0 0 0 1 0 0 0 0 0 0 
542-0 0 1 0 0 1 0 1 0 0 -0 0 1 0 0 0 0 0 0 0 
543-0 0 1 0 0 1 0 0 0 1 -0 0 0 0 0 0 0 0 0 1 
545-0 0 1 0 1 0 1 1 0 1 -0 0 0 0 0 0 1 0 0 0 
546-0 0 0 0 1 0 0 0 0 -0 0 0 0 1 1 0 0 0 
547-0 0 1 0 1 0 0 1 0 -0 0 1 0 0 0 0 1 0 
548-1 0 0 0 0 0 1 0 0 -0 0 0 0 0 0 1 0 0 
552-0 0 0 1 1 0 0 0 -0 0 0 1 0 0 0 0 
553-0 1 0 0 1 0 1 0 -0 0 0 0 1 0 0 0 
556-1 1 1 0 1 1 1 0 -0 1 0 1 1 0 0 0 
557-1 0 1 0 1 1 1 0 -0 1 1 1 0 0 0 0 
558-1 1 0 0 0 0 1 1 -1 0 0 1 0 1 0 0 
559-0 1 0 0 0 0 0 0 -0 0 1 0 0 0 0 0 
560-1 0 0 0 0 0 0 0 -1 0 0 0 1 0 0 0 
561-1 0 0 0 0 0 0 0 1 0 -0 0 0 0 1 0 0 0 0 0 
562-1 0 0 0 0 0 0 0 0 0 -1 0 0 0 0 1 1 0 0 0 
564-0 0 0 0 0 0 0 1 0 0 -0 0 0 0 1 0 0 0 0 0 
565-0 0 0 0 0 0 0 0 -0 0 0 1 0 0 0 0 
566-0 0 0 0 1 1 0 1 -0 0 0 1 1 0 0 0 
567-1 1 0 0 0 1 0 1 -1 0 0 1 0 0 0 0 
568-0 0 1 0 1 0 0 0 -0 0 1 0 0 0 0 0 
569-1 0 0 0 0 0 0 1 0 -1 0 0 1 0 0 0 0 0 
570-0 0 1 0 0 1 1 1 0 -0 0 0 0 1 0 0 0 0 
571-0 0 0 0 0 1 1 0 0 -0 0 0 1 0 1 0 0 0 
572-0 0 0 1 0 1 0 1 -0 0 0 1 0 0 0 0 
573-0 0 1 1 0 1 0 0 -0 0 0 0 0 1 1 0 
574-0 0 0 0 0 0 1 0 -0 0 1 1 0 0 0 1 
577-0 0 1 0 1 0 0 1 -0 0 0 0 1 0 0 0 
578-0 0 0 0 0 1 0 0 -0 0 1 0 0 0 0 0 
579-1 0 1 0 1 0 0 0 1 -1 0 1 0 0 0 0 0 1 
580-1 0 0 0 1 1 1 1 0 -0 0 1 0 1 0 0 0 0 
582-0 0 0 0 0 0 1 0 1 0 -0 0 0 0 0 0 0 0 1 0 
583-1 0 0 0 0 1 1 1 0 0 -0 0 1 0 0 0 0 0 0 1 
584-0 0 0 0 0 0 1 0 -0 0 1 0 0 0 1 0 
585-0 0 0 0 0 1 0 0 -0 0 1 0 0 0 1 0 
586-0 0 0 0 0 0 0 1 -0 0 0 0 0 1 0 1 
588-0 1 0 1 0 0 0 1 -0 1 0 0 0 0 0 1 
591-0 0 1 0 1 1 0 0 -0 0 0 0 0 0 0 1 
592-1 0 0 1 1 1 0 1 -0 0 1 0 0 0 0 0 
594-1 1 0 1 0 0 0 0 0 -0 1 0 0 0 0 0 0 0 
595-1 0 0 0 0 0 0 0 0 -1 0 0 0 0 0 0 0 1 
596-1 0 0 1 0 0 0 0 1 0 -0 0 0 0 0 0 0 0 1 0 
599-1 0 0 1 1 0 0 0 1 0 -1 0 0 0 0 0 0 0 0 0 
600-1 0 0 0 0 0 0 0 -1 0 0 0 1 0 0 0 
601-0 0 0 0 0 0 0 1 -0 0 0 0 0 1 0 0 
602-0 1 0 0 0 1 0 0 -0 1 0 0 0 0 0 1 
604-0 0 0 0 0 0 0 0 -0 0 0 0 0 0 1 0 
605-0 0 0 0 0 0 1 1 -0 0 0 0 0 0 0 1 
606-0 1 1 0 0 0 0 0 -0 1 0 0 0 0 0 0 
607-0 0 0 0 0 1 0 0 -0 0 1 0 0 0 0 0 
608-0 1 0 0 0 0 1 0 1 -0 0 0 0 0 0 0 0 1 
609-0 1 1 0 0 0 0 0 0 -0 1 0 0 0 0 0 0 0 
610-0 1 1 0 0 1 0 0 0 -0 0 1 0 0 0 1 1 0 
611-0 1 1 0 0 1 1 1 0 -0 1 0 0 0 0 0 0 0 
612-0 1 0 0 0 1 0 0 -0 0 0 0 0 1 0 0 
613-0 1 0 0 0 1 1 1 -0 0 0 0 0 0 1 1 
616-0 0 0 0 0 0 0 1 -1 0 0 0 0 1 0 1 
618-0 1 0 0 0 0 0 0 0 1 -0 0 0 0 0 0 0 0 0 1 
620-1 0 0 1 1 1 1 1 1 1 -0 0 1 1 0 0 0 1 0 0 
621-0 0 0 0 0 0 1 0 1 -0 0 0 0 0 0 0 0 1 
622-0 1 0 1 0 1 0 1 0 -0 0 0 0 0 0 1 0 0 
626-0 1 0 0 1 0 0 0 -1 1 0 0 1 0 0 0 
629-0 0 0 0 0 0 0 1 0 1 -0 0 0 0 0 0 0 1 0 0 
631-1 0 1 0 1 1 1 0 0 0 -0 0 1 0 0 0 0 0 0 0 
633-0 1 0 1 0 0 0 0 -0 0 0 1 0 0 0 0 
635-0 0 0 0 1 1 0 1 -0 0 0 0 0 1 0 0 
637-0 0 0 0 0 0 1 0 -0 0 0 0 1 0 1 0 
638-1 0 1 0 1 0 1 0 -0 0 0 0 1 0 1 0 
639-0 0 0 0 1 1 0 0 -0 0 0 0 0 1 0 0 
642-0 1 0 0 0 0 1 1 0 -1 0 0 0 0 0 1 1 0 
644-1 0 1 0 1 1 0 0 -1 0 0 0 0 1 0 0 
645-1 0 0 1 0 0 0 0 -1 0 0 0 0 1 0 0 
646-0 0 1 0 1 1 0 0 -0 0 1 0 1 0 0 0 
650-0 0 0 0 0 1 1 0 1 0 -0 0 0 0 0 1 1 0 0 0 
651-0 1 0 0 1 0 1 0 1 0 -0 0 0 0 1 0 0 0 1 0 
652-1 1 0 0 1 0 1 0 1 0 -0 1 0 0 0 0 0 0 0 0 
654-0 0 0 0 1 0 0 0 -1 1 0 0 1 0 0 0 
656-1 0 0 0 1 0 0 0 -0 0 0 0 1 0 0 0 
657-1 0 0 0 0 0 0 1 -0 0 0 0 0 0 1 0 
658-0 0 0 0 0 0 0 1 -0 0 0 0 1 0 0 1 
662-0 0 0 0 0 1 0 1 0 -0 0 0 0 0 0 0 1 0 
663-0 0 0 0 0 1 0 0 0 -0 0 0 0 0 1 0 1 0 
664-0 0 0 0 0 0 1 0 1 -0 0 0 0 0 0 0 0 1 
666-0 0 0 0 0 0 0 0 1 1 -0 0 0 0 0 0 0 0 1 0 
667-1 0 0 1 0 0 0 0 0 0 -0 0 0 0 0 0 0 0 0 1 
668-0 1 0 0 0 1 0 0 0 0 -1 1 0 0 0 0 0 1 0 0 
669-1 0 0 0 0 0 1 0 0 0 -0 0 0 0 0 0 1 0 0 0 
670-1 0 0 0 0 0 1 0 -1 0 0 0 0 0 0 1 
671-1 1 1 1 0 0 1 0 -1 0 0 0 0 0 0 0 
672-0 0 0 0 0 0 1 1 -0 0 0 0 0 0 0 1 
673-1 0 1 0 0 0 1 1 -0 0 0 0 0 0 1 0 
674-0 0 0 0 0 0 0 0 -0 0 0 0 1 0 0 0 
676-0 0 0 0 0 0 0 0 -1 0 0 0 0 0 0 0 
679-0 0 0 0 1 0 1 0 -0 0 0 0 1 0 0 0 
680-0 0 0 0 0 1 0 0 -0 1 0 0 0 0 1 0 
682-0 0 0 0 0 1 1 0 -0 0 0 0 0 1 0 0 
686-0 0 0 0 1 0 0 0 1 0 -0 0 0 0 1 0 0 0 0 0 
687-0 0 0 0 0 1 0 0 0 -0 0 0 0 0 1 0 1 0 
688-0 0 0 1 0 0 1 0 0 -0 1 0 1 0 0 0 0 0 
690-0 0 0 0 0 1 1 1 0 -0 0 0 0 1 0 0 0 0 
691-0 0 0 0 0 0 0 0 1 -0 0 0 0 0 1 0 0 1 
693-0 1 0 1 0 0 0 0 -0 1 0 0 0 0 0 0 
694-0 0 0 1 0 0 1 1 -0 0 0 1 0 0 1 0 
697-1 0 0 1 1 0 0 0 0 0 -1 0 0 1 0 0 0 0 0 0 
701-0 0 0 0 1 0 0 1 -0 0 0 0 0 0 1 0 
702-0 1 0 1 1 1 0 0 -0 0 0 0 1 0 1 0 
703-0 0 0 0 1 0 0 1 -0 0 0 0 0 0 0 1 
706-0 0 0 0 0 0 1 0 -0 0 0 0 0 0 0 1 
708-0 0 0 1 0 0 1 0 0 0 -0 0 0 0 0 1 1 0 0 0 
709-0 1 1 0 1 1 0 0 0 0 -0 1 1 0 0 0 0 0 0 0 
710-0 0 0 0 0 0 0 0 0 0 -0 0 0 0 1 0 0 0 0 0 
711-0 0 0 0 0 1 0 1 -0 0 0 0 0 0 0 1 
713-0 0 0 0 0 1 0 1 -0 0 0 0 0 1 0 0 
714-1 0 0 0 1 0 0 0 -0 0 0 0 1 0 0 0 
716-1 0 0 0 0 1 0 0 -0 0 0 0 0 1 0 0 
717-1 1 1 1 0 1 0 0 -0 0 1 0 0 0 0 1 
719-0 1 0 0 0 1 0 0 -0 1 0 0 0 0 0 0 
720-0 1 0 0 0 0 0 0 -0 0 0 0 0 0 0 1 
721-1 0 0 0 1 0 0 0 -0 0 0 0 1 0 0 0 
722-0 0 0 0 1 0 1 0 1 -0 0 0 0 1 0 0 0 1 
723-0 0 1 0 0 0 1 0 1 -0 0 1 0 0 0 1 0 0 
726-0 0 0 0 0 0 0 1 0 1 -0 0 0 0 0 0 0 1 0 0 
727-1 0 0 0 0 1 0 0 0 0 -0 0 0 0 0 1 0 0 0 0 
730-1 0 0 0 0 0 0 0 -1 0 0 0 0 1 0 0 
731-0 0 0 0 1 1 0 0 -0 0 0 0 1 0 0 0 
733-0 0 0 1 0 1 0 1 -0 1 0 0 0 1 0 0 
734-0 0 1 0 0 0 0 1 -0 0 0 0 0 0 0 1 
737-0 0 0 1 0 0 0 0 1 -0 0 0 0 0 0 0 0 1 
740-1 1 0 0 1 0 1 0 -1 0 0 0 1 0 1 0 
741-1 0 0 0 0 0 0 1 -1 0 0 0 0 0 0 0 
742-0 0 0 0 0 0 1 0 -0 0 0 0 1 0 0 0 
744-1 1 0 0 0 0 0 1 0 -1 1 0 0 0 0 0 0 0 
747-0 1 1 0 1 1 0 0 -0 0 1 0 1 1 0 0 
753-0 0 0 0 1 1 1 0 1 0 -0 0 0 0 1 0 0 0 1 0 
754-1 0 1 0 0 1 1 1 1 1 -0 0 0 0 1 1 0 0 0 0 
759-0 0 0 0 0 0 0 0 -0 0 0 1 0 0 0 0 
760-1 0 0 0 0 0 0 0 -1 1 0 0 0 1 0 0 
762-0 1 1 1 0 0 0 0 0 0 -0 1 0 1 0 0 0 0 0 0 
764-0 1 0 0 0 1 0 0 0 0 -0 0 0 0 0 1 0 0 0 0 
765-1 0 1 0 1 0 0 1 0 -1 0 0 0 0 0 0 0 0 
766-1 0 1 0 0 0 0 1 1 -0 0 0 0 0 0 0 1 0 
767-1 0 1 0 1 0 0 1 0 -0 0 1 0 1 0 0 0 0 
768-0 0 0 1 0 0 0 1 -0 0 1 1 0 0 0 0 
769-1 1 0 1 0 0 0 0 -1 1 0 0 0 0 0 0 
772-0 1 0 0 0 0 0 0 -1 1 0 0 0 0 0 0 
775-0 1 0 0 0 0 1 0 1 -0 0 0 0 0 0 0 0 1 
777-0 1 0 0 0 0 1 0 1 -0 0 0 0 0 0 0 0 1 
786-0 0 0 0 0 1 1 0 -0 0 0 0 0 1 0 0 
790-0 0 0 0 0 0 1 0 -0 0 0 0 0 1 1 0 
797-1 1 0 0 0 1 0 0 0 -1 0 0 0 0 0 0 0 0 
798-1 0 0 1 1 1 1 1 0 -1 0 0 0 0 1 0 0 0 
799-0 0 0 0 0 0 0 0 0 -0 1 0 0 0 0 0 0 0 
801-0 0 0 0 0 1 0 0 -0 1 0 0 0 1 0 0 
802-1 0 0 0 1 0 0 0 -0 0 0 0 1 0 0 0 
803-1 0 0 0 0 0 0 0 0 0 -1 1 0 0 0 0 0 0 0 0 
804-0 0 0 0 0 0 1 0 0 0 -0 0 0 0 0 0 1 1 0 0 
807-0 1 0 0 0 0 1 0 -0 0 0 0 0 1 1 0 
810-0 0 0 0 0 0 0 0 -0 1 0 0 0 0 0 0 
811-0 0 0 0 0 1 0 0 -0 1 0 0 0 1 0 0 
813-1 0 0 0 0 0 1 0 -1 0 0 0 0 0 0 0 
814-1 0 0 0 0 0 0 0 -1 0 1 0 0 0 0 0 
815-0 0 0 0 0 0 0 1 -0 0 0 1 0 0 0 1 
816-1 0 0 0 1 0 0 0 1 0 -0 0 0 0 1 0 0 0 1 0 
818-0 0 0 0 0 0 0 0 0 0 -0 0 0 1 0 0 0 0 0 0 
819-0 0 0 1 0 0 0 0 0 1 -0 0 0 0 0 0 0 0 0 1 
820-0 1 0 0 0 0 0 0 -0 0 0 0 1 0 0 0 
822-0 0 0 1 0 0 0 0 -0 0 0 0 0 0 0 1 
823-0 0 0 1 1 0 1 0 -0 0 0 1 0 0 0 0 
827-1 0 0 0 0 0 0 0 -0 0 1 0 0 0 0 1 
831-0 1 0 0 0 0 1 1 -0 0 1 0 0 0 1 0 
832-1 1 0 0 0 0 0 1 -1 1 1 0 0 0 0 0 
833-1 0 0 0 0 0 0 0 -0 0 1 0 0 0 0 0 
834-0 0 0 1 1 0 0 0 -0 0 0 1 0 0 0 0 
835-0 0 0 0 0 1 0 1 -1 1 0 0 0 0 0 0 
836-0 0 0 1 0 0 0 0 -0 0 0 1 1 0 0 0 
837-0 0 0 0 1 0 0 0 -1 1 0 0 0 0 0 0 
839-0 0 0 0 0 0 1 0 0 -1 0 0 0 0 0 0 0 0 
840-0 0 0 0 0 1 1 0 0 -1 0 1 0 1 1 0 0 0 
841-0 0 0 0 0 1 0 1 1 0 -0 0 0 0 1 0 0 1 0 0 
842-0 1 0 0 0 0 0 0 0 0 -0 1 0 1 0 0 0 0 0 0 
843-0 0 0 0 0 0 0 1 1 -0 0 0 0 0 0 0 0 1 
844-0 1 0 1 0 0 1 0 0 -0 1 0 0 0 0 0 0 0 
847-0 0 0 0 0 0 1 0 -0 0 0 0 0 0 1 1 
849-0 0 0 0 0 1 0 0 -0 0 0 0 0 1 0 1 
850-0 0 0 1 1 0 0 1 -0 0 0 1 0 0 0 1 
851-0 0 0 0 1 0 1 0 -0 0 0 0 1 0 0 0 
853-0 0 0 0 0 1 0 1 -0 0 0 0 0 0 0 1 
855-0 0 0 0 0 1 0 1 1 0 -0 0 0 0 0 0 0 0 1 0 
858-0 0 1 0 1 1 1 1 1 1 -0 0 0 0 0 0 0 0 0 1 
859-0 1 0 0 1 0 1 0 0 -0 0 0 0 0 0 1 0 0 
860-0 0 0 0 0 0 0 0 0 -0 0 0 0 1 1 1 0 0 
863-1 0 1 0 0 1 0 0 0 0 -0 0 1 0 0 1 0 0 0 0 
864-0 0 0 0 0 0 0 0 1 0 -1 0 0 0 0 0 0 0 1 0 
865-0 0 0 0 0 0 0 0 -0 0 0 0 1 0 0 0 
866-1 0 1 1 1 0 1 0 -0 0 0 0 0 0 1 0 
867-1 0 0 0 0 1 0 0 -1 0 0 1 0 0 0 0 
869-1 0 1 1 0 0 1 0 -0 0 0 1 0 0 0 0 
870-0 0 0 0 0 1 1 0 -1 0 1 0 0 0 0 0 
871-1 1 0 0 1 0 0 0 -1 1 0 0 0 0 0 0 
872-0 0 0 1 0 1 1 0 -1 0 0 0 0 1 1 0 
873-0 0 1 0 1 0 0 1 -0 0 1 0 0 0 0 0 
874-0 1 0 0 1 0 0 1 -0 0 0 0 0 0 0 1 
876-0 0 0 0 1 0 0 0 -0 0 0 1 0 0 0 0 
880-0 1 0 0 0 1 1 0 1 -0 1 0 0 0 1 0 0 0 
884-0 1 0 0 0 0 0 1 -0 1 0 0 0 0 0 0 
888-0 0 0 0 1 0 1 0 0 1 -0 0 0 0 1 0 0 0 0 1 
889-0 0 0 0 0 1 0 0 0 0 -0 0 0 0 0 1 0 0 0 1 
891-0 1 1 0 0 0 1 0 0 0 -0 0 1 0 0 0 1 0 0 0 
892-0 1 1 0 0 0 0 0 -0 0 1 0 0 0 0 0 
893-0 0 0 0 0 0 0 0 -0 0 0 0 0 1 0 0 
894-0 1 0 0 0 0 0 0 -0 0 0 0 1 0 0 0 
897-0 1 0 0 1 0 0 0 0 0 -0 0 0 0 1 0 0 0 0 0 
898-0 0 0 0 0 0 0 0 0 0 -0 1 0 0 0 0 0 0 0 0 
901-0 0 0 0 0 0 0 0 1 1 -0 0 0 0 0 1 0 0 0 0 
902-0 1 0 1 0 0 0 0 -0 0 0 1 0 0 0 0 
903-0 1 0 0 0 0 0 0 -0 1 0 1 0 0 0 0 
904-0 0 0 0 1 1 0 0 -0 0 1 0 0 1 0 0 
906-0 1 0 1 0 0 0 0 0 -0 0 0 0 1 0 0 0 0 
907-0 0 1 0 0 0 0 0 0 -0 1 1 0 0 0 0 0 0 
910-0 1 0 0 0 0 0 0 -0 0 0 1 0 0 0 0 
911-0 0 1 0 0 1 1 1 -0 1 0 0 0 0 0 0 
913-1 0 0 0 0 0 1 0 0 -1 0 0 0 0 0 0 0 0 
914-0 0 0 0 0 0 0 0 1 -0 0 0 0 0 0 1 0 0 
915-0 0 0 1 1 0 0 0 0 -0 0 0 0 1 0 0 0 0 
916-0 0 0 0 0 0 0 0 0 -0 0 0 1 0 0 0 0 0 
918-0 0 1 0 0 1 0 0 -0 0 0 0 0 1 0 0 
919-0 0 0 0 0 0 0 0 -0 0 1 0 0 0 0 0 
920-0 0 0 0 1 0 0 1 -0 0 0 0 1 0 0 0 
923-0 1 1 0 1 0 0 0 -0 1 1 0 0 0 0 0 
924-0 1 0 0 1 0 0 0 -0 0 0 0 1 0 0 0 
925-0 0 0 0 1 0 0 1 0 1 -0 0 0 0 0 0 0 1 0 0 
926-0 1 0 0 0 1 0 0 0 0 -0 0 0 0 0 1 0 0 0 0 
927-0 1 0 0 0 1 0 0 0 0 -0 1 0 0 0 0 0 0 0 0 
928-1 0 0 0 0 0 1 0 0 0 -0 0 0 0 0 0 1 0 0 0 
929-0 0 0 0 0 0 0 0 0 0 -0 0 1 0 0 0 0 0 0 0 
931-0 1 0 1 0 0 0 0 -0 1 0 0 0 0 0 0 
932-0 1 0 1 0 0 0 0 -0 0 0 1 0 0 0 0 
935-1 0 0 0 0 0 0 0 0 -1 1 0 0 0 0 1 0 0 
937-1 1 1 0 0 1 0 0 -0 1 1 0 0 0 0 0 
938-1 0 0 0 0 0 1 0 -0 0 1 0 0 1 0 0 
940-0 0 0 0 1 1 0 0 -0 0 0 0 1 1 1 0 
942-1 0 1 0 0 0 0 0 -1 0 0 0 0 0 0 0 
943-1 0 1 0 1 1 0 0 -0 0 1 0 0 1 0 0 
945-1 0 0 0 0 1 1 1 1 0 -0 0 0 0 0 0 0 0 1 0 
946-0 1 0 0 0 1 0 1 0 1 -0 1 0 0 0 1 0 0 0 0 
947-1 1 0 0 0 0 0 0 0 0 -0 0 0 0 0 0 1 0 0 0 
948-0 0 0 0 1 0 0 0 0 0 -0 0 0 0 1 0 1 0 0 0 
949-0 0 0 1 0 0 1 0 -0 0 0 1 0 0 0 0 
950-0 0 0 0 0 0 0 0 -0 1 0 0 0 0 0 0 
952-0 0 1 0 1 0 0 1 -0 0 1 0 0 0 0 0 
953-0 0 0 0 0 1 0 0 -1 0 0 0 0 0 0 0 
954-0 0 0 0 1 1 0 0 -0 0 0 0 0 1 0 0 
955-0 0 0 0 0 0 0 0 -0 0 0 0 1 0 0 0 
958-1 1 0 0 0 0 0 0 -0 1 0 0 0 0 0 0 
959-0 0 0 0 0 0 0 0 0 -0 0 0 0 0 1 0 0 0 
961-1 0 0 0 0 1 0 0 0 -1 0 0 0 0 0 0 0 0 
966-1 1 0 0 0 0 0 0 -1 0 0 0 0 0 0 0 
967-0 1 1 0 0 0 0 0 0 0 -0 0 1 0 0 0 0 0 0 0 
969-0 1 1 0 0 0 0 0 0 0 -0 1 0 0 1 0 0 0 0 0 
972-0 1 0 1 1 0 0 0 -0 1 0 0 1 0 0 0 
973-1 0 1 0 0 1 0 0 -0 0 0 1 1 0 0 0 
974-0 0 1 0 0 0 0 0 -0 1 0 0 0 0 0 0 
976-0 0 0 0 1 1 0 0 -0 0 0 0 0 1 0 0 
978-0 0 0 0 1 0 0 1 1 0 -0 0 0 0 0 0 1 1 0 0 
979-0 1 0 0 0 1 1 0 0 0 -0 1 1 0 0 0 0 0 0 0 
980-0 1 0 0 0 1 0 0 0 0 -0 0 0 0 0 1 0 0 0 0 
982-0 1 1 0 1 0 0 0 -0 1 1 0 0 0 0 0 
983-0 0 0 0 0 1 0 1 -0 0 0 0 0 1 0 0 
984-0 0 1 0 0 0 0 0 -0 0 0 0 0 1 0 0 
988-0 1 0 0 1 0 0 0 0 0 -0 0 0 0 1 0 0 0 0 0 
990-1 0 0 0 0 0 0 0 0 0 -1 0 0 0 0 0 0 1 0 0 
991-0 1 0 1 1 0 0 0 0 0 -0 1 0 1 0 0 0 0 0 0 
993-1 0 0 0 0 0 0 0 0 -1 0 0 0 0 0 0 1 0 
995-0 1 0 1 0 0 0 1 0 -0 0 0 1 0 0 0 0 0 
996-1 1 1 0 0 0 0 1 -1 0 1 0 0 0 0 0 
997-0 1 1 1 0 1 0 1 -0 0 1 0 0 0 0 0 
999-0 1 0 1 0 0 0 0 -0 1 0 0 0 0 0 0 
1000-0 0 1 1 0 0 0 1 -0 0 0 0 0 0 0 1 
1001-0 0 1 0 0 0 1 0 -0 0 1 1 0 0 0 0 
1004-0 1 1 1 0 0 0 0 -0 0 1 1 0 0 0 0 
1005-0 1 0 0 0 1 0 0 -0 1 0 0 0 0 0 0 
1006-0 0 1 0 0 1 1 1 -0 0 0 0 0 1 0 0 
1008-0 0 0 0 0 0 1 0 -0 0 0 0 0 0 1 1 
1009-0 1 0 0 0 1 0 1 -0 0 0 0 0 0 0 1 
1010-0 0 0 0 0 0 0 0 -0 0 0 0 0 1 1 1 
1014-0 0 0 0 0 0 0 1 1 0 -0 0 0 0 0 0 0 0 1 0 
1015-0 0 1 0 0 0 0 0 1 0 -0 0 1 0 0 0 0 0 0 0 
1016-0 0 0 0 0 0 0 0 0 0 -0 0 0 0 0 0 0 0 0 1 
1020-0 1 0 0 0 0 0 1 -0 0 0 0 0 0 0 1 
1021-0 0 0 0 1 0 0 1 -0 0 0 0 0 0 0 1 
1022-0 0 0 0 1 0 0 1 -0 0 0 0 1 0 0 0 
1027-0 0 0 0 1 0 0 0 0 1 -0 0 0 0 1 0 0 0 0 0 
1032-1 0 0 0 1 0 1 0 -0 0 0 0 1 0 0 0 
1033-1 0 0 0 0 0 0 1 -0 0 0 0 0 0 0 1 
1037-1 0 0 0 1 0 0 1 -1 0 0 0 1 0 0 0 
1038-0 0 0 0 0 0 0 0 -0 0 1 0 0 0 0 0 
1040-0 0 0 0 0 0 0 0 1 -0 0 0 0 0 0 0 1 0 
1041-0 0 0 0 0 0 0 0 0 -0 0 0 0 0 0 0 0 1 
1044-0 1 0 0 0 1 0 0 -0 1 0 0 0 0 0 0 
1046-0 1 0 0 0 1 1 0 -0 0 0 0 0 1 0 0 
1048-0 0 0 0 0 0 0 1 -0 1 0 0 0 1 1 1 
1049-1 0 0 0 0 0 0 1 -0 0 0 0 0 0 1 1 
1050-1 0 0 0 0 0 0 0 -0 0 0 0 0 1 0 0 
1051-0 0 0 0 1 1 0 0 -1 0 0 0 0 1 0 1 
1052-0 0 0 0 0 0 0 0 0 0 -0 0 0 1 0 0 0 0 1 0 
1054-0 1 0 0 0 0 0 0 0 0 -0 0 1 0 0 0 0 0 0 0 
1055-0 0 0 1 0 0 0 0 1 0 -0 1 0 0 0 0 0 0 0 0 
1056-0 1 1 0 0 0 0 0 -0 0 1 0 0 0 0 0 
1058-0 0 0 0 0 1 0 0 -0 1 0 0 0 0 1 1 
1060-0 1 1 0 0 0 1 1 0 -0 0 0 0 0 0 1 0 1 
1061-0 0 1 0 0 1 1 0 0 0 -0 0 1 0 0 0 0 0 0 0 
1062-0 0 0 0 1 0 0 0 0 0 -0 0 0 1 1 0 0 0 0 0 
1064-0 0 1 0 0 0 0 0 0 1 -0 0 0 0 0 0 0 0 0 1 
1065-0 0 0 1 0 0 0 1 -0 0 0 0 0 0 0 1 
1066-0 0 1 0 0 0 0 0 -0 0 1 1 0 0 0 0 
1068-0 1 0 0 1 0 0 0 -0 0 0 1 1 0 0 0 
1069-0 0 0 0 1 0 0 0 -0 0 1 0 0 0 0 0 
1070-0 1 0 0 0 0 0 1 -0 1 0 0 0 0 0 0 
1072-0 0 0 0 1 0 0 0 0 -0 0 1 0 1 0 0 0 0 
1073-0 0 0 0 0 1 0 0 0 -0 0 0 1 0 1 0 0 0 
1074-0 1 0 0 0 0 0 1 -0 0 0 1 0 0 0 1 
1075-0 0 1 0 0 0 0 1 -0 0 1 0 0 0 0 0 
1077-0 0 1 0 0 0 0 1 -0 0 1 0 0 0 0 0 
1078-0 0 1 0 1 0 0 0 -0 0 0 1 0 0 0 1 
1079-0 0 0 0 0 0 1 0 1 -0 0 0 0 0 0 0 0 1 
1080-0 0 0 0 0 1 0 0 0 -0 0 0 0 0 0 1 0 0 
1081-0 1 0 0 0 0 0 0 1 -0 0 0 0 0 1 0 0 0 
1082-0 1 0 1 0 0 1 0 1 -0 1 0 0 0 0 0 0 0 
1084-1 0 0 1 0 1 0 0 -1 0 0 1 0 0 0 0 
1087-1 0 0 1 0 0 1 0 1 0 -1 0 0 0 1 0 0 0 0 0 
1091-0 1 0 0 0 0 0 1 -0 1 0 0 1 0 0 0 
1092-0 0 0 0 0 1 0 0 -0 1 0 0 1 0 0 0 
1093-1 1 0 1 0 0 1 0 -0 0 0 0 0 1 0 1 
1097-0 0 1 0 1 0 0 1 0 -0 0 0 0 1 0 0 1 0 
1106-1 0 0 1 0 0 0 0 1 0 -0 0 0 1 0 0 0 0 0 0 
1115-0 0 0 0 1 1 0 0 1 -0 0 0 0 1 0 0 0 1 
1116-0 0 1 0 1 1 0 0 0 -0 0 0 0 0 1 0 0 1 
1119-0 0 0 0 0 1 0 0 1 0 -0 0 0 0 0 0 0 0 1 0 
1121-0 0 1 1 1 0 0 1 0 0 -0 0 0 0 0 0 0 1 0 0 
1127-0 0 0 0 0 0 0 0 -0 0 0 0 0 0 0 1 
1129-1 1 0 0 1 1 1 1 -1 0 0 0 0 0 0 1 
1130-0 0 0 0 0 1 1 0 -0 0 0 0 0 0 1 0 
1131-1 0 0 0 0 0 0 0 -0 0 0 0 0 1 0 0 
1132-0 0 0 0 0 0 0 0 -0 0 0 0 0 1 0 0 
1135-1 0 0 0 0 0 1 1 1 -0 0 0 0 0 0 0 1 0 
1136-0 0 0 1 0 0 0 0 0 -0 1 0 0 0 0 0 0 0 
1137-1 0 0 1 0 0 0 0 0 -0 1 0 0 0 0 0 0 0 
1138-0 0 0 0 0 0 0 0 0 -0 0 0 1 0 0 0 0 0 
1139-0 0 0 0 0 0 0 0 0 -1 0 0 0 0 0 0 0 0 
1141-1 0 1 0 0 0 0 0 -0 0 1 0 0 0 0 0 
1142-1 0 1 0 1 0 0 0 -0 0 0 0 1 0 0 0 
1143-0 0 0 0 1 0 0 0 -1 0 0 0 0 0 0 0 
1145-0 1 0 0 0 0 0 0 -0 1 0 0 0 1 0 0 
1147-0 0 0 0 0 0 0 0 0 0 -1 0 0 0 0 0 0 0 0 0 
1149-1 0 0 1 0 0 0 0 1 0 -0 0 0 1 0 0 0 0 1 0 
1157-0 0 0 0 1 0 0 1 -0 0 0 1 0 0 0 0 
1158-0 0 0 0 0 0 0 0 -0 0 1 0 0 0 0 0 
1159-1 0 0 1 1 1 1 1 -0 0 0 0 0 0 0 1 
1160-0 0 0 0 0 0 0 1 0 -0 0 0 0 0 0 0 0 1 
1161-0 0 1 0 0 1 0 0 0 -0 0 1 0 0 0 0 1 0 
1163-1 1 0 0 1 0 1 0 0 -0 0 0 1 0 0 0 0 0 
1165-0 0 1 0 0 1 0 0 -0 0 0 0 1 0 0 0 
1166-0 0 0 0 0 1 0 1 -0 0 1 0 0 0 0 1 
1167-0 0 0 0 0 1 0 0 -0 0 0 1 0 0 0 0 
1168-0 0 0 0 0 0 0 0 0 0 -0 0 0 0 1 0 0 0 0 1 
1169-1 0 0 1 0 0 0 0 0 1 -0 0 0 1 0 0 0 0 0 0 
1170-0 0 0 0 0 0 0 0 1 0 -1 0 0 0 0 0 0 0 1 0 
1171-1 0 0 0 0 0 1 0 -1 0 0 0 0 0 0 0 
1172-0 0 1 0 0 0 0 1 -0 0 1 0 0 0 0 0 
1174-0 1 1 0 0 0 0 1 -0 1 0 0 0 0 0 1 
1175-1 0 1 1 0 0 1 1 -0 0 1 1 0 0 0 1 
1177-0 1 1 1 0 0 0 0 -0 1 1 0 0 0 0 0 
1178-0 1 0 1 1 1 0 0 -1 1 0 0 0 0 0 0 
1179-0 0 1 1 0 0 0 0 0 -0 0 1 0 0 0 0 0 0 
1181-0 1 0 1 0 0 0 0 0 -0 1 0 0 0 0 0 0 0 
1182-0 1 0 1 0 0 0 1 0 -0 0 0 1 0 0 0 0 0 
1184-1 0 1 0 0 0 0 0 1 0 -1 0 0 0 0 0 0 0 0 0 
1185-0 1 0 0 1 0 0 0 0 0 -0 0 1 0 0 0 0 0 0 0 
1187-0 0 0 0 0 0 0 1 0 1 -0 1 0 0 1 0 0 1 0 0 
1188-1 0 1 0 0 0 0 1 -0 0 0 0 0 0 0 1 
1189-0 0 1 0 0 0 0 0 -1 0 1 0 0 0 0 0 
1190-1 1 0 0 0 0 0 0 -0 1 0 0 0 0 0 0 
1191-0 1 0 0 0 0 0 0 0 1 -0 0 0 0 0 0 0 0 0 1 
1192-0 0 1 0 1 0 0 0 0 0 -0 0 1 0 0 1 0 0 0 0 
1194-1 1 0 1 0 0 0 0 0 1 -0 1 0 0 0 0 0 0 0 0 
1196-1 1 0 0 0 1 0 0 -0 1 0 0 0 0 0 0 
1197-0 0 0 1 0 0 0 0 -0 0 0 0 0 1 0 0 
1198-0 1 0 1 0 0 0 0 -0 0 0 1 0 0 0 0 
1200-1 1 0 0 0 0 0 0 -1 0 0 0 0 0 0 0 
1201-1 1 0 1 0 1 0 0 0 -1 0 0 1 0 0 0 0 0 
1202-0 1 0 0 0 1 0 0 0 -0 0 0 0 0 1 0 0 0 
1206-0 1 1 0 1 1 0 0 -0 0 1 0 1 0 0 0 
1207-0 1 1 0 0 1 0 0 -0 0 1 0 0 0 0 0 
1209-0 1 1 0 0 0 0 1 -0 0 0 0 1 0 0 0 
1211-0 0 0 0 0 0 0 0 -0 0 0 1 0 0 1 0 
1212-1 0 1 1 0 1 1 1 -0 0 0 0 0 1 0 0 
1214-0 0 1 0 1 0 1 0 -1 0 0 0 1 0 0 0 
1215-0 0 0 0 0 0 1 1 -1 0 0 0 0 0 1 0 
1216-1 0 1 1 1 0 1 1 -0 0 0 0 0 0 1 0 
1217-0 0 0 0 1 0 0 1 0 0 -0 0 0 0 0 0 0 1 0 0 
1218-0 0 1 0 0 0 0 0 1 0 -0 0 0 0 0 1 0 0 1 0 
1219-0 0 0 0 1 0 1 1 0 1 -0 0 0 0 0 0 1 0 0 1 
1220-0 0 0 0 1 1 0 1 -0 0 0 0 1 0 0 0 
1221-0 0 0 1 1 1 0 0 -0 0 0 0 0 0 0 1 
1222-0 1 1 0 0 0 0 0 -0 0 0 0 0 0 1 0 
1223-0 0 0 0 0 1 1 1 -0 1 0 0 0 0 0 0 
1224-0 1 0 1 0 1 0 0 -0 0 0 0 0 1 0 0 
1225-0 0 0 0 0 0 0 0 1 -0 0 0 0 0 0 1 0 1 
1227-0 0 0 0 0 1 0 0 1 -0 0 0 0 0 1 0 0 0 
1228-0 0 0 1 0 0 0 0 1 0 -0 0 0 0 0 0 0 0 1 0 
1230-1 1 0 0 0 1 0 0 0 0 -0 1 0 0 0 0 0 0 0 0 
1232-1 1 0 0 0 0 0 0 0 0 -1 0 0 0 0 0 0 0 0 0 
1238-0 1 0 0 0 1 0 0 -0 1 0 0 0 0 0 0 
1239-0 0 0 1 0 0 0 1 -0 0 0 0 0 0 0 1 
1240-0 0 0 1 0 0 0 1 -0 0 0 1 0 0 0 0 
1246-0 1 0 0 0 1 0 0 0 -0 1 0 0 0 0 0 0 0 
1247-1 0 0 1 0 0 0 0 1 -1 0 0 1 0 0 0 0 0 
1248-0 0 0 1 0 0 0 0 1 -0 0 0 0 0 0 0 0 1 
1249-0 0 1 0 1 0 0 0 0 -0 0 0 0 1 0 0 0 0 
1252-0 0 1 0 1 0 0 0 0 -0 0 1 0 0 0 0 0 0 
1253-0 0 0 0 1 1 0 0 -0 0 0 0 0 1 0 0 
1256-0 0 0 0 0 0 0 1 -0 0 0 0 0 0 1 0 
1258-0 0 1 0 1 0 0 1 0 0 -0 0 0 0 1 0 0 1 0 0 
1260-0 0 0 1 0 0 0 0 1 0 -0 0 0 0 0 0 0 0 1 0 
1261-0 0 0 0 0 0 0 0 0 0 -0 0 0 0 0 0 1 0 0 0 
1268-1 1 0 1 0 1 0 0 -0 0 0 0 1 0 0 0 
1270-0 0 0 0 0 0 0 1 0 -0 0 0 0 0 0 0 1 1 
1272-0 1 0 0 0 1 0 0 0 -0 1 0 0 1 0 0 1 0 
1275-0 1 0 0 0 0 0 0 -0 0 0 0 0 1 0 0 
1277-0 0 0 0 1 1 0 0 0 1 -0 0 0 0 0 0 0 0 0 1 
1278-1 1 1 0 1 0 1 1 0 1 -0 0 0 0 0 1 0 0 0 1 
1281-0 0 0 0 1 0 1 0 0 0 -0 0 0 0 1 0 0 0 0 0 
1283-0 0 0 0 0 0 0 0 -0 0 0 0 1 0 0 0 
1284-1 1 1 0 1 1 1 1 -0 0 1 0 1 0 0 0 
1287-1 0 1 0 0 0 0 0 -1 0 0 0 0 0 0 0 
1288-0 0 0 0 0 0 1 0 -0 0 0 1 0 0 1 0 
1293-1 0 0 0 0 0 0 0 -0 0 0 0 0 1 0 0 
1294-0 0 0 0 1 0 0 1 -0 0 0 0 0 0 0 1 
1295-0 0 0 0 1 0 0 1 -0 0 0 1 1 0 0 0 
1296-0 0 0 0 0 0 0 0 1 1 -1 0 0 0 0 0 0 0 1 0 
1297-0 1 1 0 0 0 0 0 0 0 -0 0 0 0 0 1 0 0 0 1 
1298-0 0 0 0 0 0 0 0 1 0 -0 0 1 0 0 0 1 0 0 0 
1303-0 0 0 0 0 0 0 1 1 -0 1 0 0 0 0 0 0 1 
1304-0 0 0 1 0 0 1 1 0 -0 0 0 1 0 0 1 0 0 
1305-0 0 0 0 1 0 1 1 0 -0 0 0 0 0 0 0 1 0 
1309-1 0 1 0 0 0 0 0 -1 0 0 0 0 0 0 0 
1310-0 0 0 0 0 1 0 0 -0 0 1 0 0 1 0 0 
1312-0 0 0 0 0 0 0 0 -0 1 0 0 0 0 0 0 
1313-1 0 0 0 0 1 0 0 1 0 -1 0 0 0 0 1 0 0 0 0 
1316-0 1 0 0 0 0 0 1 0 -0 0 0 0 0 0 0 1 0 
1317-1 1 0 1 1 0 0 0 1 -0 0 0 0 1 0 0 0 0 
1318-0 0 0 1 0 1 0 0 0 -0 0 1 0 1 0 0 0 0 
1319-0 0 1 0 0 0 0 0 0 -1 0 0 0 0 0 0 0 0 
1320-1 1 0 1 0 0 0 0 -0 0 0 1 0 0 0 0 
1321-1 1 0 0 0 0 0 0 -0 1 0 0 0 0 0 0 
1324-0 0 0 1 1 1 0 1 -0 0 0 0 0 1 0 1 
1325-0 0 0 0 1 0 0 1 -0 0 0 0 0 1 0 0 
1326-0 0 0 0 1 0 0 1 -0 0 0 0 1 0 0 0 
1327-0 0 0 1 0 1 0 0 -0 0 0 1 0 0 0 0 
1328-0 0 0 1 0 0 1 0 0 -0 0 0 1 0 0 0 0 0 
1329-0 1 0 0 0 0 0 0 0 -0 1 0 0 0 0 1 0 0 
1331-0 0 0 1 0 0 0 0 0 -0 0 0 0 0 0 0 0 1 
1333-0 0 0 1 0 1 0 1 -0 0 1 0 0 1 1 1 
1334-0 0 1 0 0 1 0 0 1 0 -0 0 1 0 0 0 0 0 0 0 
1335-1 0 1 0 0 0 0 0 0 0 -1 0 0 0 0 0 0 0 0 0 
1338-0 0 0 0 0 1 0 1 -0 0 0 0 0 0 0 1 
1339-0 0 0 0 0 1 0 1 -0 0 0 0 0 1 1 0 
1340-0 0 1 0 0 0 0 1 -0 0 1 0 0 0 0 0 
1342-0 0 0 0 0 0 1 1 0 -0 0 0 0 0 0 0 1 0 
1343-0 1 0 0 0 1 0 0 0 -0 1 0 0 0 0 0 0 1 
1346-1 0 0 1 0 0 0 1 -1 0 0 1 0 0 0 0 
1353-0 0 1 0 0 1 0 0 -0 0 1 0 0 0 0 0 
1357-0 1 0 0 0 0 0 1 0 0 -0 1 0 0 1 0 0 0 0 0 
1358-1 0 0 0 0 1 0 1 0 0 -0 0 0 0 0 1 0 1 0 0 
1359-0 0 0 1 0 0 1 0 -0 0 0 0 0 0 1 0 
1360-0 0 0 0 0 1 0 1 -0 0 0 0 0 1 0 0 
1361-0 0 1 1 0 0 0 1 -0 0 0 0 0 0 0 1 
1362-1 0 0 1 1 0 0 0 -0 0 0 1 0 0 0 0 
1365-0 0 0 1 0 0 0 1 -0 0 0 0 0 0 0 1 
1366-0 0 1 0 0 0 1 0 -0 0 0 0 0 0 1 0 
1367-0 0 0 0 0 0 0 1 -0 0 0 0 0 0 1 1 
1369-0 0 0 0 1 0 0 0 1 1 -0 0 0 0 0 0 0 0 1 1 
1370-0 0 0 0 0 1 0 0 0 0 -0 0 0 0 1 0 0 0 0 0 
1371-0 1 0 0 0 1 1 0 0 0 -0 0 0 0 0 1 1 0 0 0 
1373-0 0 0 1 0 0 1 1 1 -0 0 0 0 0 0 1 0 0 
1374-0 0 0 1 0 1 0 0 0 -0 0 0 0 0 0 0 1 0 
1375-0 0 0 1 1 0 0 0 0 -0 0 0 1 0 0 0 0 0 
1376-0 1 0 0 0 1 0 0 0 -0 0 0 1 1 0 0 0 1 
1377-0 0 1 0 0 0 0 0 1 0 -0 0 1 0 0 0 0 0 0 0 
1379-1 0 1 0 0 0 0 0 0 0 -1 0 0 0 0 0 0 0 0 0 
1380-0 1 0 0 0 0 0 1 0 0 -0 0 0 0 0 0 0 1 0 0 
1382-0 1 1 0 0 0 0 1 -0 0 1 0 0 0 0 0 
1384-0 1 0 1 0 0 0 0 -0 1 0 0 0 0 0 0 
1387-1 1 1 1 0 0 0 1 -0 1 0 1 0 0 0 0 
1390-0 1 0 0 1 0 0 1 0 -1 0 0 0 0 0 0 0 0 
1391-1 0 0 1 0 0 0 1 0 -0 0 0 1 0 0 0 0 0 
1392-0 1 0 0 1 0 0 0 0 -0 1 0 0 0 0 0 0 0 
1393-0 1 0 1 0 0 0 0 -0 0 0 1 0 0 0 0 
1396-0 0 1 0 0 1 0 0 -0 0 1 0 0 0 0 0 
1397-0 0 0 0 0 0 0 0 -1 0 0 0 0 0 0 0 
1398-0 0 0 0 0 0 0 0 -0 0 0 0 1 0 0 0 
1400-0 1 0 0 0 1 0 0 -0 1 0 0 0 0 0 0 
1402-0 0 0 1 0 1 0 0 -0 0 0 0 0 1 0 0 
1406-0 1 0 0 1 0 0 0 0 0 -0 0 0 0 1 0 0 0 0 0 
1414-0 0 0 0 1 1 0 0 -0 0 0 0 0 1 0 0 
1415-1 0 1 0 0 0 0 0 -1 0 0 0 0 0 0 0 
1421-0 0 1 0 1 0 0 0 -0 0 1 0 0 0 0 0 
1422-1 0 0 0 1 0 0 0 -0 0 0 0 1 1 0 0 
1423-1 0 0 0 0 0 0 0 -0 0 0 1 0 0 0 0 
1424-0 1 0 1 0 0 0 1 0 0 -0 0 0 0 0 0 0 1 0 0 
1425-0 0 0 0 1 0 0 0 0 0 -0 1 0 0 0 0 0 0 0 0 
1426-0 0 0 1 0 0 0 1 1 0 -0 0 0 0 1 0 0 0 0 0 
1427-0 0 1 0 1 1 0 0 0 0 -0 0 0 0 0 1 0 0 0 0 
1429-0 0 0 1 1 0 0 0 -0 0 1 1 1 0 0 0 
1430-0 0 0 0 0 0 1 0 -0 0 1 0 0 0 0 0 
1431-1 0 1 1 0 1 0 1 -0 0 0 0 0 0 1 0 
1436-0 0 1 0 0 0 0 0 -0 1 0 0 0 0 0 0 
1437-0 0 1 0 0 0 0 1 -0 0 1 0 0 0 0 0 
1438-1 0 0 0 0 1 0 1 -0 0 0 0 0 0 0 1 
1440-0 1 1 0 0 0 0 1 -0 0 1 0 0 0 0 1 
1441-0 1 0 0 0 0 0 1 -0 1 1 0 0 0 0 0 
1443-0 1 0 1 0 0 0 0 -0 0 0 1 0 0 0 0 
1447-1 1 0 0 1 0 0 0 0 -1 0 0 0 0 0 0 0 0 
1448-0 1 0 0 0 0 0 1 0 -0 1 0 0 0 0 0 0 0 
1451-1 1 0 0 0 0 0 0 0 0 -1 0 0 1 0 0 0 0 0 0 
1456-0 1 1 0 0 0 0 0 -0 1 0 0 0 0 0 0 
1457-0 0 0 0 0 1 0 0 -0 0 0 0 0 0 0 1 
1459-1 1 1 0 1 1 0 0 -0 0 0 0 0 1 0 0 
1460-0 0 1 0 0 0 1 1 -0 0 1 0 0 0 0 0 
1461-0 0 0 0 0 0 0 0 -0 0 1 0 0 0 0 0 
1462-0 0 0 0 1 1 0 1 -0 0 0 0 1 1 0 0 
1463-0 1 0 0 1 0 0 1 -0 0 0 0 1 0 0 0 
1465-0 0 0 0 0 0 0 0 -0 0 0 0 0 0 0 1 
1466-0 1 1 0 0 0 0 0 -0 1 0 0 0 0 0 0 
1467-1 0 1 0 0 0 0 0 0 -1 0 0 0 0 0 0 0 0 
1468-0 0 1 0 0 0 0 0 1 -0 0 0 0 0 0 0 0 1 
1475-0 0 1 1 0 1 0 1 -0 0 0 0 0 0 0 1 
1476-0 0 0 0 1 0 0 0 0 0 -0 0 0 0 0 0 0 1 0 0 
1477-0 1 0 1 0 0 0 0 0 0 -0 0 0 0 0 0 0 0 0 1 
1478-0 0 0 0 0 0 0 0 0 0 -0 0 0 0 0 0 0 0 1 0 
1479-0 0 0 0 1 0 0 1 1 0 -0 1 0 1 1 0 0 0 0 0 
1485-0 0 0 0 0 1 0 0 1 0 -0 0 0 0 0 1 0 0 0 0 
1487-0 0 0 0 0 0 0 0 1 0 -0 0 0 0 0 0 0 0 0 1 
1492-0 0 0 0 0 1 1 0 -0 0 0 0 0 1 0 0 
1496-0 0 0 0 0 1 0 1 -0 0 0 0 0 0 0 1 
1497-1 1 1 1 0 0 0 0 -0 0 0 0 0 1 0 0 
1499-1 0 0 0 0 0 0 0 -0 0 0 0 0 0 0 1 
1500-0 0 0 0 0 0 0 0 -1 0 0 0 0 0 0 0 
1503-0 0 0 0 0 1 1 1 -0 0 0 0 0 0 1 0 
1504-0 0 0 0 0 1 0 0 -0 0 0 0 0 0 0 1 
1505-1 0 0 0 0 0 0 0 -1 0 0 0 0 1 0 1 
1506-0 1 0 0 0 0 1 1 0 -0 1 0 0 0 0 0 1 0 
1507-0 0 0 0 0 0 1 0 1 -0 0 0 0 0 0 1 0 0 
1508-0 1 0 0 0 0 0 0 0 -0 1 1 0 0 0 0 0 1 
1510-0 0 1 0 0 0 0 0 -0 0 1 0 0 0 1 0 
1511-0 1 1 0 0 0 0 0 1 1 -0 1 0 0 0 0 0 0 1 0 
1512-0 1 1 0 0 0 0 0 1 1 -0 0 1 1 0 0 0 1 0 1 
1513-0 1 0 0 0 1 1 1 -0 0 0 0 0 1 0 1 
1514-1 1 0 0 0 0 0 0 -0 0 0 0 0 1 1 0 
1515-0 1 0 0 1 1 0 1 -0 1 0 0 0 0 1 0 
1516-0 0 1 0 1 0 0 0 -0 0 1 0 0 0 0 0 
1517-0 1 0 0 0 0 1 0 -0 0 0 0 0 0 1 0 
1518-0 1 0 0 0 1 1 0 -0 1 0 0 0 1 0 0 
1520-0 0 0 0 0 0 0 0 0 -0 0 0 0 0 0 0 0 1 
1521-0 0 0 0 1 0 0 0 0 -0 0 0 0 1 0 1 0 0 
1524-1 0 0 0 0 0 0 0 -0 0 0 0 0 0 1 0 
1528-0 1 0 0 1 0 1 0 -0 1 0 0 0 0 1 0 
1529-0 0 0 0 0 0 0 0 1 1 -0 0 0 0 0 0 0 0 1 0 
1530-0 0 0 0 0 1 0 1 0 0 -0 0 0 0 0 0 0 1 0 1 
1531-0 1 0 0 0 0 0 0 1 0 -0 1 0 0 0 0 0 0 0 0 
1532-0 0 0 0 0 0 0 0 0 0 -0 0 0 0 0 1 0 0 0 0 
1533-0 1 0 0 0 0 0 1 -0 1 0 0 0 0 1 0 
1536-0 0 0 0 0 0 0 1 -0 1 0 0 0 0 0 0 
1537-0 0 0 0 0 0 1 1 -0 0 0 0 0 1 0 0 
1540-0 1 0 0 0 0 0 0 1 0 -0 1 0 0 0 0 0 1 0 0 
1544-0 0 0 0 0 0 0 1 -0 1 0 0 0 0 1 1 
1546-0 0 0 0 0 0 0 1 0 -0 0 0 0 0 0 1 1 0 
1548-0 0 1 0 0 0 0 0 -0 0 0 0 0 0 1 1 
1550-0 0 0 0 0 0 0 0 -0 0 0 0 0 1 0 0 
1551-1 1 0 1 1 0 1 0 -0 0 0 0 0 1 0 0 
1552-0 0 1 1 1 1 0 1 0 -0 0 0 1 0 0 1 1 0 
1553-1 1 1 1 1 1 1 1 1 -0 0 1 0 0 0 1 1 0 
1556-0 0 0 0 0 0 0 1 -0 1 0 0 0 0 0 0 
1557-0 1 1 1 1 0 0 1 -0 0 0 0 0 0 0 1 
1559-0 0 0 0 0 1 1 0 0 1 -0 0 0 0 0 0 1 0 0 1 
1560-0 1 0 0 0 0 1 1 0 0 -0 1 0 0 0 0 0 0 0 0 
1561-0 0 0 0 1 1 0 0 -0 0 0 0 0 1 0 0 
1563-0 0 1 0 1 1 0 1 -0 0 0 0 1 0 0 1 
1564-0 0 0 0 0 0 1 0 1 -0 0 0 0 1 0 0 0 1 
1565-0 0 0 0 1 0 1 1 0 -0 0 0 0 0 0 1 1 0 
1566-0 0 0 1 0 1 0 0 0 -0 0 0 0 0 0 0 1 0 
1568-0 0 1 0 0 0 0 1 -0 0 0 1 0 0 1 1 
1571-0 1 0 0 0 0 0 0 1 0 -0 1 0 0 0 0 0 0 0 0 
1572-0 0 0 0 0 0 0 0 1 0 -0 0 0 0 0 0 0 1 1 0 
1574-1 1 0 0 1 0 0 0 -0 1 0 0 1 0 0 0 
1577-0 1 0 0 0 1 1 1 -0 1 0 0 0 0 0 1 
1581-0 1 1 0 0 0 0 0 0 -0 1 0 0 0 0 0 0 0 
1582-1 0 0 0 0 0 0 0 0 -0 0 0 0 0 1 0 0 1 
1583-1 1 1 0 0 0 0 0 1 -1 0 1 0 0 0 0 0 0 
1585-0 0 0 1 0 0 1 1 -0 0 0 1 0 0 0 0 
1586-0 0 1 1 0 0 1 0 -0 0 0 0 0 0 0 1 
1587-0 0 0 0 0 0 1 1 -0 0 0 0 0 0 1 0 
1589-1 0 1 0 0 0 1 1 -0 0 1 0 0 0 1 0 
1590-0 0 1 0 0 0 1 0 -1 0 0 0 0 0 0 0 
1592-0 0 1 1 0 1 0 0 -0 0 0 0 0 1 0 0 
1593-0 0 1 1 1 0 0 0 -0 0 0 1 0 0 0 0 
1594-0 0 1 1 0 0 0 0 -0 0 1 0 0 0 0 0 
1596-0 0 0 0 1 0 0 0 0 1 -0 0 0 0 0 0 0 0 0 1 
1597-0 0 0 1 0 0 1 0 0 0 -0 0 0 0 1 0 0 0 0 0 
1598-0 0 0 0 1 1 0 0 0 0 -0 0 0 0 0 1 0 0 0 0 
1599-0 0 1 1 0 0 0 0 0 1 -0 0 1 1 0 0 0 0 0 0 
1600-1 0 0 1 0 0 0 0 0 -1 0 0 0 0 0 0 0 0 
1601-0 1 0 1 0 0 0 0 0 -0 0 0 1 0 0 0 0 0 
1603-0 0 0 0 0 1 0 1 0 -0 0 0 0 0 1 0 0 0 
1605-1 0 1 0 1 1 0 0 -0 0 1 0 1 0 0 0 
1606-1 0 0 0 0 0 0 0 -1 0 1 0 0 0 0 0 
1608-1 1 0 1 0 0 0 0 -0 1 0 1 0 0 0 0 
1610-1 1 0 0 0 1 0 0 -1 0 0 0 0 0 0 0 
1611-1 1 0 0 0 0 0 0 -0 1 0 0 0 0 0 0 
1612-1 1 1 0 0 0 0 0 -1 0 1 0 0 0 0 0 
1614-0 1 1 0 1 0 0 0 0 0 -0 0 1 0 0 0 0 0 0 0 
1615-0 1 0 0 0 0 0 0 0 1 -0 0 0 0 0 1 0 0 0 0 
1616-1 0 0 1 0 1 0 0 0 0 -1 1 0 1 0 0 0 0 0 0 
1617-1 1 0 0 0 0 0 0 0 1 -0 0 0 0 0 0 0 0 0 1 
1619-0 0 0 0 0 0 0 0 1 0 -0 0 0 0 1 0 0 0 0 0 
1620-1 0 0 0 0 1 0 0 1 1 -0 0 0 0 0 0 0 0 1 1 
1622-0 1 0 0 1 0 0 0 -0 0 0 0 0 0 0 1 
1624-0 1 0 0 0 0 1 1 -0 1 0 0 0 0 1 0 
1625-0 0 0 0 0 1 1 1 -0 0 0 0 0 1 0 1 
1626-0 1 0 0 0 1 1 0 -0 1 0 0 0 0 1 0 
1627-1 0 0 0 0 0 0 1 -1 0 0 0 0 0 0 0 
1628-1 0 0 0 0 1 0 1 0 -0 0 0 0 0 1 0 1 0 
1630-1 0 0 0 0 1 0 0 1 -0 0 0 0 0 0 0 0 1 
1632-1 0 0 0 0 0 0 0 -1 0 1 0 1 0 0 0 
1633-0 0 0 0 0 0 0 1 -0 0 0 0 0 1 0 0 
1634-1 0 0 1 0 0 0 0 -0 1 0 1 0 0 0 0 
1636-0 0 0 0 0 1 0 0 -0 0 0 0 0 0 1 0 
1637-0 0 1 1 1 0 1 1 -0 0 1 1 0 0 0 0 
1638-1 0 0 1 0 1 0 0 -0 0 1 1 0 0 0 0 
1639-0 1 1 0 1 0 0 1 -1 0 1 0 0 0 0 0 
1640-0 1 0 0 1 0 1 0 -0 0 0 0 0 1 0 0 
1641-0 0 0 0 0 0 0 0 -0 0 0 1 0 0 0 0 
1643-1 0 0 1 1 0 0 0 -1 0 0 0 1 0 0 0 
1644-0 0 1 1 0 0 0 0 0 0 -0 0 0 1 0 0 0 0 0 0 
1645-1 0 0 0 0 0 0 0 1 1 -0 1 0 0 0 0 0 0 0 0 
1646-0 0 0 1 0 1 1 0 1 0 -0 0 0 0 0 0 1 0 0 0 
1647-1 0 1 0 0 1 0 1 1 1 -1 0 1 0 0 1 0 0 0 0 
1648-1 1 0 0 1 0 1 0 1 -0 0 0 0 1 0 0 0 0 
1649-0 0 0 0 1 1 1 1 1 -0 0 1 0 0 0 1 0 0 
1650-1 0 0 0 0 0 0 0 1 -1 1 0 0 0 0 0 0 0 
1651-1 1 0 0 0 0 0 0 -1 0 0 0 0 0 1 0 
1652-0 0 0 0 0 0 0 1 -1 1 0 0 0 0 1 1 
1653-1 1 0 0 1 0 0 0 -0 0 0 0 1 0 0 0 
1654-0 0 0 0 0 0 0 1 -0 1 0 0 0 0 0 0 
1655-0 0 0 1 0 0 0 1 -0 0 0 0 0 0 0 1 
1656-0 0 0 1 0 0 1 1 -0 0 0 0 0 1 0 1 
1657-0 1 0 0 0 1 0 0 0 0 -0 1 0 0 0 1 1 0 0 0 
1658-0 0 0 0 0 1 0 0 0 1 -0 0 0 0 0 0 0 1 0 0 
1661-0 1 0 0 1 0 0 0 -0 0 0 0 1 0 0 0 
1663-0 0 0 0 0 0 0 0 -0 1 0 0 0 0 0 1 
1664-1 1 0 1 0 0 0 0 0 -1 0 0 0 0 0 1 1 0 
1665-1 0 0 1 0 1 0 0 0 -1 0 0 0 0 0 0 0 0 
1666-0 1 0 0 0 0 0 0 0 -0 1 0 0 0 0 1 0 0 
1667-0 0 0 0 0 0 0 0 1 0 -0 1 0 0 0 0 0 1 0 0 
1668-1 0 1 0 1 0 1 0 0 1 -0 0 0 0 0 0 0 0 0 1 
1669-0 0 0 0 0 0 0 0 0 0 -1 0 0 0 0 0 0 0 0 0 
1670-0 0 0 1 0 0 0 0 1 0 -0 0 0 0 0 0 0 0 1 0 
1671-1 0 0 1 0 0 0 0 1 0 -0 0 0 1 0 0 0 0 0 0 
1672-0 0 0 0 0 0 0 0 -0 0 0 1 0 0 0 0 
1673-1 0 1 0 0 0 0 1 -0 0 1 0 0 0 0 0 
1675-0 0 1 0 0 0 0 1 -0 0 0 0 0 0 0 1 
1676-0 0 0 0 0 0 0 1 -1 0 0 0 0 0 0 0 
1678-1 0 0 0 1 0 0 0 -0 0 0 0 1 0 0 0 
1679-1 0 0 0 1 0 0 0 -1 0 0 0 0 0 0 0 
1681-0 0 0 1 0 0 0 0 1 -0 0 0 1 0 0 0 0 0 
1682-1 1 0 0 0 0 0 0 0 -1 0 0 0 0 0 0 0 0 
1683-1 0 0 1 0 0 0 1 0 -0 0 0 0 0 0 0 1 0 
1684-0 1 0 0 0 1 0 0 1 -0 0 0 0 0 1 0 0 0 
1685-0 0 0 0 0 0 0 0 0 -0 1 0 0 0 0 0 0 0 
1686-1 0 0 1 0 0 0 0 -1 0 0 0 0 0 0 0 
1687-0 0 1 0 0 0 1 1 -1 0 0 0 0 0 1 0 
1688-0 0 0 0 0 0 0 0 -0 0 0 1 0 0 0 0 
1689-0 0 0 0 0 0 0 0 -0 1 0 0 0 0 0 0 
1690-1 0 0 1 0 0 0 0 -0 0 0 0 0 0 1 0 
1693-0 1 0 1 0 1 0 0 -0 0 0 0 0 1 0 0 
1694-0 0 1 1 0 0 0 0 -0 1 0 0 0 0 0 0 
1696-0 0 0 1 0 1 1 0 0 1 -0 0 0 0 0 0 0 0 0 1 
1698-0 0 1 1 0 1 0 0 0 0 -0 0 0 0 0 0 1 0 1 0 
1699-0 1 1 0 0 0 0 1 0 0 -0 0 0 0 0 0 0 1 0 0 
1700-0 0 0 0 1 1 0 0 1 -0 0 0 0 0 0 0 0 1 
1702-0 0 1 0 1 0 0 0 0 -0 0 0 0 0 1 0 0 0 
1703-0 0 1 0 1 0 1 0 0 -0 0 1 0 0 0 1 0 0 
1706-0 0 1 0 1 1 0 1 -0 0 1 0 1 0 0 0 
1707-0 0 1 0 1 0 0 1 -0 0 0 0 1 1 0 1 
1710-0 0 0 0 0 0 1 1 0 0 -0 0 0 0 0 0 0 1 0 0 
1711-1 0 0 0 0 0 1 0 0 0 -0 0 0 0 0 0 1 0 0 0 
1713-0 0 0 1 1 0 0 0 0 0 -0 0 0 0 1 0 0 0 0 0 
1717-0 1 0 0 1 0 0 0 -0 0 0 0 1 0 0 0 
1720-0 0 0 0 1 0 1 0 0 -0 0 0 0 1 0 0 0 0 
1722-0 1 0 1 0 0 0 0 0 -0 0 0 0 0 0 1 0 0 
1726-0 0 0 0 0 0 0 0 -0 0 0 0 1 0 0 0 
1728-0 0 0 0 0 0 0 0 -0 1 0 0 0 0 0 0 
1729-0 0 0 1 1 0 0 0 -0 0 0 0 1 0 0 0 
1730-0 0 0 0 0 0 0 0 -0 0 0 0 0 0 1 0 
1732-0 0 0 0 1 0 0 1 -0 0 0 0 0 0 0 1 
1734-0 0 0 0 0 0 0 0 -0 0 1 0 0 0 0 0 
1738-0 1 0 0 0 1 0 0 -0 0 0 0 0 1 0 0 
1742-0 0 0 0 1 1 0 0 0 -0 0 0 0 0 1 1 0 0 
1743-0 0 0 0 1 0 0 0 0 1 -0 0 0 0 0 0 0 0 0 1 
1744-0 0 0 0 0 0 0 0 0 0 -0 0 0 0 0 0 0 1 0 0 
1746-0 0 0 0 0 1 1 0 0 0 -0 0 0 0 0 0 1 0 0 0 
1748-1 0 0 0 1 0 0 0 1 0 -0 0 0 0 0 0 0 0 1 0 
1749-0 1 0 0 0 0 1 0 -0 0 0 0 0 0 1 0 
1752-1 0 0 0 0 0 0 0 -0 0 1 0 0 0 0 0 
1753-0 0 1 0 0 0 0 0 -0 0 1 0 0 1 1 0 
1754-0 0 0 0 1 0 0 1 1 1 -0 0 0 0 0 0 0 0 1 0 
1755-1 0 0 1 0 0 0 0 0 0 -1 0 0 1 1 0 0 0 0 1 
1758-0 0 0 0 0 0 0 1 -1 0 0 0 0 0 1 0 
1759-0 0 0 0 0 0 0 1 -1 0 0 0 0 0 0 0 
1760-0 0 0 1 0 0 1 0 -0 0 0 1 0 0 1 1 
1761-0 0 0 0 0 0 0 0 0 -0 0 0 0 0 1 0 0 0 
1762-0 0 0 0 0 0 0 0 0 -0 0 0 0 0 0 0 1 0 
1763-0 0 1 0 1 0 1 0 0 -0 1 0 0 0 0 0 0 0 
1764-0 0 0 0 0 0 0 0 0 -0 0 1 0 0 0 0 1 1 
1766-0 1 0 0 0 1 0 0 0 -1 0 0 0 0 0 0 0 0 
1767-1 1 0 0 0 1 0 0 0 -1 0 0 0 0 0 0 0 0 
1768-1 0 1 1 0 0 0 0 1 -0 0 1 0 0 0 0 0 1 
1769-1 1 0 0 1 1 0 1 0 -0 0 0 1 0 0 0 0 1 
1770-0 0 1 0 0 0 0 1 -0 0 0 0 0 0 0 1 
1771-0 0 0 1 0 0 0 0 -0 0 0 0 0 0 0 1 
1772-0 0 1 0 0 0 0 0 -0 0 1 1 0 0 0 0 
1773-0 0 0 0 1 0 0 1 -0 0 0 0 1 0 0 0 
1774-0 1 0 1 0 0 0 0 0 0 -0 0 0 1 0 0 0 0 0 0 
1775-0 0 0 0 0 0 0 1 0 0 -0 1 0 0 0 0 0 1 0 0 
1780-0 0 1 0 0 1 0 0 -0 1 0 0 0 0 0 0 
1781-0 0 0 0 0 1 0 1 -0 0 0 0 0 1 0 0 
1782-0 1 0 0 0 1 0 1 -0 0 0 0 0 0 0 1 
1783-0 0 0 0 0 1 0 0 -0 1 0 0 0 0 0 0 
1786-0 0 0 0 0 0 0 1 -0 0 0 0 0 1 0 1 
1789-0 0 0 1 1 1 0 0 0 -0 0 0 1 0 0 0 0 0 
1790-0 0 0 0 0 0 1 0 0 -0 0 0 1 0 0 1 0 0 
1793-1 1 0 0 0 0 0 0 -1 0 0 0 0 0 0 0 
1797-0 0 0 0 0 1 1 0 -0 0 0 0 0 1 0 0 
1798-1 0 0 0 0 0 0 0 1 0 -1 0 0 0 0 0 0 1 0 0 
1799-0 0 0 0 0 0 1 0 1 0 -0 1 0 0 0 0 1 0 1 0 
1802-0 1 0 1 0 0 0 0 -0 1 0 0 0 0 0 0 
1804-0 0 0 0 0 0 0 0 -1 0 0 0 0 0 0 0 
1805-1 1 0 1 0 0 0 1 0 -0 0 0 1 0 0 0 0 0 
1808-0 1 0 0 0 1 0 0 0 -0 0 0 0 0 1 0 0 0 
1810-1 0 0 1 1 0 1 0 -0 0 0 1 0 0 0 0 
1811-1 0 0 1 1 0 1 0 -0 0 0 0 1 0 0 0 
1812-0 0 0 0 1 0 1 0 -1 0 0 0 1 0 1 0 
1813-1 0 0 0 0 0 0 0 -0 0 0 1 0 0 0 0 
1814-0 0 1 0 0 0 0 0 -1 0 0 1 0 0 0 0 
1815-0 0 1 1 1 1 1 0 -0 0 1 0 0 0 0 0 
1816-0 0 1 1 0 0 0 1 -0 0 1 0 0 0 0 1 
1818-0 1 0 1 0 0 1 1 -0 0 0 1 0 0 1 0 
1819-1 0 1 0 0 0 0 1 0 1 -0 0 0 0 0 0 0 1 0 0 
1820-1 1 0 0 0 0 0 0 0 0 -0 0 0 1 0 0 0 0 0 1 
1822-1 0 0 1 0 0 0 0 1 0 -0 0 0 0 0 0 0 0 1 0 
1823-0 0 0 1 1 0 0 1 -0 0 1 0 1 0 0 0 
1825-1 1 0 0 0 0 0 0 -0 1 0 0 0 0 0 0 
1827-0 1 1 0 1 0 0 0 0 -0 0 1 0 0 0 0 0 0 
1830-1 1 0 0 1 1 0 1 -1 1 0 0 0 0 0 0 
1831-1 0 0 1 1 0 1 1 -1 0 0 0 0 0 0 0 
1832-0 0 1 1 0 0 0 1 -0 0 1 0 0 0 0 0 
1833-0 0 0 1 1 0 1 0 -0 0 0 1 0 0 0 0 
1834-0 0 0 0 1 1 0 0 -0 0 0 0 0 1 0 0 
1835-0 0 0 0 0 0 0 0 0 0 -0 0 1 0 0 0 0 0 0 0 
1837-0 0 0 1 0 0 0 0 0 0 -1 1 0 1 0 0 0 0 0 0 
1841-0 0 0 0 0 0 0 0 -0 0 1 0 0 0 0 0 
1842-1 0 1 0 0 0 1 0 1 0 -1 0 1 0 0 0 1 0 0 0 
1843-0 0 1 0 0 1 0 0 1 1 -0 0 0 0 0 1 0 0 1 1 
1844-0 1 0 0 0 1 0 0 0 -0 0 0 0 0 0 0 0 1 
1845-0 0 0 1 1 0 1 1 0 -0 0 0 1 0 0 0 1 1 
1846-0 0 0 0 0 0 1 0 0 -0 1 0 0 0 0 0 1 0 
1847-0 0 0 1 0 0 0 0 -0 0 0 0 0 1 0 0 
1848-0 0 0 0 0 0 0 1 -0 0 0 1 1 0 0 1 
1849-0 0 1 1 0 0 0 1 -0 0 1 0 0 0 0 0 
1850-0 0 1 0 0 1 1 0 -0 0 0 0 0 0 1 1 
1851-0 0 0 1 0 1 0 0 -0 0 0 0 0 1 0 1 
1852-0 0 1 0 0 0 0 0 -0 0 0 0 0 0 1 1 
1853-0 0 1 0 0 1 0 0 -0 0 1 0 0 0 0 1 
1854-0 0 0 0 0 1 0 1 -0 0 0 0 0 1 0 0 
1857-1 1 0 0 0 0 0 0 -0 1 0 0 0 0 0 0 
1858-0 1 1 1 0 0 0 1 -0 0 1 0 0 0 0 0 
1859-1 0 1 0 0 0 0 0 -1 0 0 0 1 0 0 0 
1862-1 0 0 0 0 1 0 1 -1 0 0 0 0 1 0 0 
1865-1 0 0 1 0 0 0 0 -0 1 0 1 0 0 0 0 
1866-1 0 1 0 1 1 1 0 -1 0 0 1 0 0 0 0 
1867-0 0 1 0 0 0 1 0 -0 0 1 0 0 0 0 0 
1869-0 1 1 0 0 0 0 0 0 -0 1 1 0 0 1 0 0 0 
1870-1 1 0 0 0 0 0 0 0 -1 0 0 0 0 0 0 0 0 
1871-0 1 1 1 0 0 0 0 0 0 -0 1 1 0 0 0 0 0 0 0 
1872-1 0 0 0 1 0 0 0 0 1 -0 0 0 1 0 0 0 0 0 0 
1873-0 0 0 0 1 0 0 0 0 1 -1 0 1 0 1 0 0 0 0 0 
1874-0 1 0 0 1 0 0 1 0 1 -0 1 0 0 0 0 0 0 0 0 
1875-0 0 0 0 1 0 0 1 0 0 -0 0 0 0 1 0 0 0 0 0 
1877-0 1 1 0 0 0 0 1 0 0 -0 0 1 0 0 0 0 0 0 0 
1878-1 0 0 0 1 0 0 0 0 0 -1 0 1 0 0 0 0 0 0 0 
1879-1 1 0 0 0 1 0 0 -0 1 0 1 0 0 0 0 
1880-1 0 0 0 0 0 0 0 -0 0 0 0 0 1 0 0 
1881-0 0 0 0 0 1 0 1 -1 0 1 0 0 0 0 0 
1882-1 0 0 0 1 0 0 0 -0 0 0 0 1 0 0 0 
1883-1 0 0 0 0 0 0 0 -1 0 1 0 1 0 0 0 
1884-0 0 0 0 1 0 0 0 -1 1 0 0 0 0 0 0 
1885-0 1 1 0 0 1 0 0 0 -0 0 0 0 0 1 0 0 0 
1887-0 1 1 0 0 0 0 0 0 -0 1 0 0 0 0 0 0 0 
1888-1 1 0 0 1 1 0 0 0 -1 0 1 0 0 0 0 0 0 
1889-0 0 1 0 0 0 1 0 -0 0 1 0 0 0 0 0 
1890-1 1 0 0 0 0 0 0 -0 1 0 0 0 0 0 0 
1891-0 1 0 0 0 0 0 1 -0 1 0 0 0 0 0 0 
1892-1 0 1 0 0 0 0 0 -1 0 0 1 0 0 0 0 
1894-1 0 1 0 0 0 0 0 -0 0 1 0 0 0 0 0 
1895-1 0 0 0 0 1 0 0 -0 0 0 0 0 1 0 1 
1897-0 0 0 1 1 0 0 0 0 1 -0 0 0 0 1 0 0 0 0 1 
1898-0 0 0 0 0 0 0 0 1 0 -1 0 0 0 0 0 0 0 0 0 
1899-0 0 0 0 0 0 0 0 0 0 -0 0 0 0 0 0 0 0 1 0 
1910-0 0 0 0 0 0 0 0 1 1 -0 0 0 0 1 0 0 0 1 0 
1911-1 0 0 0 0 0 0 0 0 0 -0 0 0 0 0 0 0 0 0 1 
1912-0 0 0 0 0 0 0 1 0 1 -0 0 0 0 0 0 0 1 0 0 
1913-1 0 0 0 0 1 0 1 0 -0 0 0 0 0 0 0 1 0 
1914-0 0 0 0 0 0 0 0 0 -0 0 0 0 0 0 0 0 1 
1915-1 0 0 0 0 1 0 1 0 -0 0 0 0 0 1 0 0 0 
1916-1 1 0 1 0 1 1 1 1 -0 0 0 1 0 1 0 1 0 
1917-0 0 0 0 0 0 0 0 -0 1 0 0 0 0 1 0 
1918-0 0 0 0 0 0 1 1 -0 1 0 0 0 0 1 0 
1919-1 0 0 0 0 0 0 1 -0 0 0 0 0 0 0 1 
1921-0 0 0 0 0 1 0 1 -0 0 0 0 0 1 0 0 
1924-0 1 0 0 1 0 0 0 -0 1 0 0 0 0 0 0 
1925-0 0 0 0 1 0 1 1 -0 0 0 0 0 0 1 0 
1927-0 0 0 0 1 0 0 0 -1 0 1 0 0 0 0 0 
1928-1 0 0 0 0 1 0 0 0 -1 0 0 0 0 0 0 0 0 
1933-0 0 0 0 1 0 0 1 -0 0 0 0 1 0 0 0 
1936-1 0 0 0 0 1 0 1 1 1 -1 0 0 0 0 0 1 1 1 0 
1940-0 0 0 0 0 1 1 0 -0 0 0 0 0 1 0 0 
1943-0 0 0 0 0 0 0 0 -0 0 0 0 0 1 0 0 
1944-0 0 0 0 0 0 1 1 -0 0 0 0 0 1 1 1 
1947-1 0 0 1 0 0 0 0 1 0 -1 0 0 0 0 0 0 0 1 0 
1948-0 0 1 0 1 1 0 0 0 0 -0 0 0 0 1 1 0 0 0 0 
1956-0 0 1 1 0 0 0 0 0 -0 0 0 1 0 0 0 0 0 
1958-0 0 1 1 0 0 1 0 -0 0 0 0 0 0 1 0 
1961-1 1 0 0 0 0 0 0 -1 0 0 0 0 0 0 0 
1962-0 0 1 1 0 0 0 0 -0 0 0 1 0 0 0 0 
1963-0 0 0 0 0 0 1 0 -0 0 1 0 0 0 1 0 
1965-0 0 1 0 1 0 0 0 0 0 -0 1 0 0 1 0 0 0 0 0 
1967-1 0 0 0 0 0 1 0 -1 0 0 0 0 0 0 0 
1969-0 0 0 0 0 1 0 0 -0 0 0 0 0 0 0 1 
1970-1 0 1 1 1 1 0 1 -0 0 0 1 0 1 0 0 
1971-1 0 1 0 0 0 0 0 -1 0 0 0 0 0 0 0 
1973-0 1 0 0 0 0 1 0 -0 0 0 0 0 0 1 0 
1974-0 1 0 0 0 0 0 0 0 -0 1 0 0 0 0 0 1 0 
1975-0 1 0 1 0 0 0 0 0 -0 0 0 0 0 0 0 1 0 
1976-1 1 1 0 1 1 1 1 1 -1 0 0 1 0 0 0 0 0 
1979-0 0 0 0 0 1 0 0 -0 0 0 1 0 1 0 0 
1980-0 0 0 0 1 1 0 1 0 -0 0 0 0 1 1 0 0 0 
1981-1 1 0 0 1 1 1 0 0 -0 1 0 0 0 0 1 0 0 
1985-0 0 0 0 0 0 0 0 -0 1 0 0 0 0 0 0 
1986-0 0 0 0 0 0 0 1 -0 0 0 0 0 1 0 0 
1987-1 1 1 0 0 1 0 1 -0 0 0 0 0 1 0 0 
1988-0 0 0 0 0 1 0 0 0 0 -0 0 1 0 0 1 0 0 0 0 
1989-0 1 0 0 0 0 0 0 1 0 -0 1 0 0 0 0 0 0 0 0 
1992-0 0 0 0 0 0 0 0 -0 1 0 0 0 0 0 0 
1993-0 0 0 0 0 1 0 1 -0 0 0 0 0 1 0 0 
1994-0 0 0 0 0 0 0 0 -0 0 0 0 0 0 1 0 
1995-1 0 0 0 0 0 1 0 -1 0 0 0 0 0 0 0 
1996-0 1 0 0 1 0 0 0 -0 1 0 0 0 0 0 0 
1998-0 1 1 1 0 1 0 1 -0 0 0 0 1 0 0 0 
2001-0 0 0 1 0 1 0 0 -0 0 0 1 0 0 0 0 
2002-0 0 0 1 0 0 1 0 -0 0 0 0 0 0 1 0 
2003-0 0 0 1 1 0 0 1 -0 0 0 0 1 0 0 0 
2004-1 1 0 0 0 0 0 0 -0 1 0 0 0 0 0 0 
2009-0 1 0 0 1 0 0 0 -0 0 0 0 1 0 0 0 
2011-0 0 1 1 0 0 0 0 -0 0 1 0 0 0 0 0 
2015-0 0 1 0 0 1 0 0 0 -0 0 0 0 0 1 0 0 0 
2017-0 0 1 0 1 0 0 0 0 0 -0 0 0 0 1 0 0 0 0 0 
2018-0 0 0 1 0 0 0 1 0 0 -0 0 0 0 0 0 0 1 0 0 
2020-0 0 0 1 0 0 0 1 0 0 -0 0 0 1 0 0 0 0 0 0 
2023-0 0 0 1 0 0 0 0 1 0 -0 0 0 0 0 0 0 0 1 0 
2028-1 0 0 1 0 0 0 0 1 -1 0 0 1 0 0 0 0 0 
2029-0 0 0 1 0 0 0 0 1 -0 0 0 0 0 0 0 0 1 
2031-0 1 0 1 0 0 0 1 -0 1 0 0 0 0 0 0 
2032-0 0 1 1 0 1 0 0 -0 0 0 1 0 0 0 1 
2034-0 1 0 0 0 0 0 1 -0 1 0 0 0 0 0 0 
2035-0 0 0 0 0 0 0 1 -0 1 0 0 0 0 0 1 
2036-1 1 0 0 1 1 1 1 -0 0 0 0 0 0 1 1 
2039-1 0 0 0 0 1 0 0 -1 0 0 0 0 0 0 0 
2040-0 1 0 0 0 1 0 1 -0 1 0 0 0 0 0 1 
2041-0 0 0 1 0 1 0 0 0 -0 0 1 1 0 0 0 0 0 
2042-1 0 0 0 0 1 0 1 0 -1 0 0 0 0 1 0 0 0 
2043-0 1 0 1 0 0 1 0 1 -1 0 0 0 0 0 0 1 0 
2044-0 1 0 0 0 0 1 0 1 -0 0 0 0 0 0 0 1 0 
2045-0 0 0 1 0 0 0 0 -0 0 0 1 0 0 1 0 
2046-0 0 0 0 0 0 0 0 -1 0 0 0 0 0 0 0 
2047-1 1 1 0 1 1 0 1 -1 0 0 1 0 1 0 0 
2049-0 0 0 1 0 0 0 1 0 0 -0 0 0 1 0 0 0 0 0 0 
2050-1 0 0 0 0 0 1 0 1 1 -0 0 0 0 0 0 0 1 1 1 
2054-1 0 0 1 1 0 1 0 -0 0 0 1 0 0 0 0 
2056-0 0 0 0 0 0 0 0 -1 0 0 0 0 0 0 0 
2057-0 1 1 1 0 0 1 0 -0 1 0 0 0 0 1 0 
2058-0 0 1 1 0 0 0 0 -0 0 0 1 0 0 0 0 
2059-0 1 1 0 0 0 0 0 -0 0 1 0 0 0 0 0 
2060-0 0 1 1 0 0 1 0 -0 0 1 0 0 0 0 0 
2061-0 0 1 1 0 1 0 1 -0 0 0 1 0 1 0 0 
2062-0 0 0 0 1 0 0 1 -0 0 0 0 0 0 0 1 
2063-1 0 1 0 1 0 0 0 0 -0 0 1 0 1 0 0 0 0 
2065-0 1 0 0 0 1 0 0 0 -0 0 0 0 0 1 0 0 0 
2066-0 0 0 0 0 0 0 0 0 -0 0 0 0 0 0 0 1 0 
2067-0 1 0 1 0 0 1 0 0 0 -0 1 0 0 0 0 1 0 0 0 
2069-0 0 0 1 0 0 0 0 1 0 -0 0 0 1 0 0 0 0 0 1 
2070-1 0 0 0 1 0 1 0 -1 0 0 0 0 0 1 0 
2072-1 0 1 0 0 0 0 0 -0 0 1 0 0 0 0 0 
2073-0 0 0 0 1 1 0 1 -0 0 0 0 1 1 0 0 
2074-0 0 0 0 0 0 0 0 -0 0 0 0 0 0 0 1 
2077-0 0 1 0 0 1 1 0 -0 0 1 0 0 1 0 0 
2078-1 0 0 0 0 0 0 0 0 0 -0 0 0 1 0 0 0 0 0 1 
2080-0 0 0 0 0 0 1 0 0 0 -0 0 0 0 0 0 1 1 0 0 
2081-0 0 0 1 1 0 0 1 0 -0 0 0 0 1 0 0 1 0 
2085-0 0 0 0 1 1 0 1 -0 0 0 0 1 0 0 1 
2087-0 1 0 1 0 0 0 0 -0 1 0 0 0 0 0 0 
2088-0 0 0 1 0 0 0 1 -0 1 0 1 0 0 0 0 
2089-0 0 1 0 0 0 0 0 -0 0 0 1 0 0 0 0 
2091-0 0 0 0 1 0 0 0 -0 0 1 0 0 0 0 0 
2092-0 0 0 1 1 0 0 0 0 -0 0 0 1 0 0 0 0 0 
2093-0 0 0 0 0 1 0 1 0 -0 0 0 1 0 0 0 0 0 
2094-0 1 1 1 1 0 0 0 0 -0 1 1 0 0 0 0 0 0 
2095-0 0 0 0 1 1 0 1 0 -0 0 0 0 1 0 0 0 0 
2096-0 0 1 0 1 1 0 0 0 0 -0 0 1 0 1 0 0 0 0 0 
2097-0 1 1 1 0 0 0 0 0 0 -0 1 0 1 0 0 0 0 0 0 
2098-0 0 0 1 1 0 0 0 0 0 -0 0 0 1 0 1 0 0 0 0 
2099-0 0 1 0 1 0 1 0 0 0 -0 0 0 0 1 0 0 0 0 0 
2100-1 1 0 0 1 0 0 1 -1 0 0 0 0 0 0 1 
2101-0 0 0 0 0 0 0 0 -0 0 0 1 1 0 0 0 
2102-0 1 0 0 0 0 1 0 -0 1 0 0 0 0 0 0 
2103-0 1 1 0 0 0 0 0 -0 1 0 0 0 0 0 0 
2104-0 1 0 0 0 0 0 1 -0 0 1 0 1 0 0 0 
2105-0 0 0 1 0 1 0 0 -0 0 0 0 0 1 0 0 
2106-0 0 0 0 1 0 1 0 -0 0 0 0 0 0 1 0 
2108-0 0 0 1 0 0 0 0 -0 0 0 0 1 0 0 0 
2109-1 1 1 0 0 1 1 0 -0 0 0 0 0 1 0 1 
2110-0 0 0 1 1 1 0 0 1 -0 0 0 0 0 0 1 0 1 
2111-0 0 0 0 0 0 0 0 0 -0 0 0 0 1 0 0 0 0 
2112-0 0 1 0 0 0 0 1 1 -0 0 1 0 1 0 0 0 0 
2113-1 0 0 1 0 1 0 0 -0 0 0 0 0 1 0 0 
2114-0 1 0 0 0 0 0 0 -0 0 0 0 0 1 0 0 
2115-0 0 0 0 0 0 0 0 -0 1 0 0 0 0 0 1 
2116-1 0 0 1 1 0 0 1 -0 1 0 0 0 0 0 0 
2117-0 0 0 0 0 0 0 0 -0 0 1 0 0 0 0 0 
2119-0 1 0 0 0 0 0 0 -0 0 0 0 1 0 0 0 
2120-0 0 1 0 0 0 0 0 -0 0 1 0 0 0 0 1 
2121-0 0 1 0 1 0 0 0 0 0 -0 0 1 0 0 1 0 0 0 0 
2122-0 0 0 0 1 1 1 0 0 1 -0 1 0 0 0 0 1 0 0 0 
2123-0 0 0 0 0 0 0 0 0 0 -0 0 0 0 1 0 0 0 0 0 
2124-0 0 0 0 0 0 0 0 0 0 -0 0 1 0 0 0 0 0 0 0 
2126-0 0 0 0 0 0 0 1 0 0 -1 1 0 0 0 0 0 0 0 0 
2127-0 1 1 0 1 1 1 1 0 0 -1 0 0 0 0 0 0 1 0 0 
2128-1 0 0 0 0 0 1 0 0 0 -0 0 0 0 0 0 1 0 0 0 
2129-1 0 0 0 0 0 1 0 -1 0 0 0 0 0 0 0 
2131-1 1 0 0 0 0 0 0 -0 1 0 0 0 0 0 0 
2132-1 0 0 0 0 0 1 0 -0 0 0 0 0 0 1 0 
2134-0 0 0 0 0 1 0 0 -0 1 0 0 0 0 0 0 
2137-0 0 0 1 1 1 0 0 0 -0 0 0 0 1 1 0 0 0 
2139-0 0 0 0 0 0 0 0 0 -0 1 0 0 0 0 0 0 0 
2141-0 1 0 0 0 0 0 0 -0 0 0 0 0 1 0 0 
2143-0 1 0 0 1 0 0 0 -0 0 0 0 1 0 0 0 
2144-0 1 0 0 1 0 0 0 -0 1 0 0 0 0 0 0 
2145-0 0 0 0 0 0 1 1 0 0 -0 0 0 0 0 0 0 1 0 0 
2147-0 0 1 0 1 0 1 0 0 0 -0 0 1 0 1 0 0 0 0 0 
2150-0 1 0 0 0 1 0 0 1 -0 0 0 0 0 0 0 0 1 
2152-1 0 0 0 0 0 1 1 -0 0 0 0 0 0 0 1 
2153-1 0 1 0 0 1 0 0 -0 0 0 0 0 0 1 0 
2156-0 0 0 0 0 1 1 0 -0 0 0 0 0 1 0 0 
2158-1 0 0 0 1 0 1 1 -1 0 0 0 1 0 0 0 
2161-0 1 0 1 0 0 0 0 -0 1 0 0 0 0 0 0 
2164-0 0 1 0 1 1 1 0 0 0 -0 0 0 0 0 0 1 0 0 0 
2165-0 0 1 0 1 0 0 0 0 0 -0 0 0 0 1 0 0 0 0 0 
2166-0 0 1 0 1 0 0 0 0 0 -0 0 1 0 0 0 0 0 0 1 
2168-1 0 0 0 0 0 0 1 1 -0 0 0 0 0 0 0 1 0 
2173-1 0 0 0 1 0 0 0 -0 0 0 0 1 0 0 0 
2174-1 0 0 0 0 0 0 1 -1 0 0 0 0 0 0 0 
2176-0 1 0 0 0 0 1 0 -0 0 0 0 0 0 1 0 
2177-0 1 0 1 0 0 0 1 -0 1 0 0 0 0 0 1 
2178-1 0 0 0 0 0 1 1 -1 0 0 0 0 0 0 0 
2179-1 0 0 0 0 0 0 1 -1 0 0 0 0 0 0 0 
2180-0 1 1 0 0 0 0 0 -0 1 0 0 0 0 0 0 
2182-0 0 0 0 1 1 0 0 -0 0 0 0 0 1 0 0 
2184-1 0 0 1 0 0 0 0 0 1 -0 0 0 1 0 0 0 0 0 1 
2185-1 0 0 0 1 0 0 0 1 0 -1 0 0 0 1 0 0 0 0 0 
2186-1 0 1 0 0 1 0 0 -1 0 1 0 0 0 0 0 
2187-0 0 0 0 0 1 0 0 -1 0 0 1 0 0 0 0 
2188-0 0 0 0 1 0 0 1 -0 0 0 0 0 0 0 1 
2194-1 0 0 0 0 0 0 1 -0 0 0 0 0 0 0 1 
2201-0 0 0 0 1 0 0 0 0 -0 0 0 0 1 0 0 1 0 
2202-0 1 0 0 0 0 0 0 1 -0 0 0 0 0 0 0 0 1 
2203-1 1 1 0 1 0 1 0 1 -0 1 0 0 0 0 0 0 0 
2206-0 0 0 0 0 0 0 1 0 0 -0 0 0 0 0 0 0 1 0 1 
2208-0 0 0 0 1 0 1 0 0 0 -0 0 0 0 1 0 0 0 0 0 
2214-1 0 0 0 0 0 1 0 -1 0 0 0 0 0 0 0 
2215-0 0 1 0 0 0 1 0 -0 0 0 0 0 0 1 0 
2217-0 0 1 0 0 0 0 0 -0 0 1 0 1 0 0 0 
2218-0 1 0 0 0 0 1 0 -0 0 0 0 0 0 1 0 
2219-0 0 0 0 0 1 0 0 -0 1 0 0 0 0 0 0 
2222-0 0 1 0 0 0 0 0 1 -0 0 0 0 0 0 0 0 1 
2223-1 0 0 1 0 0 0 0 0 -0 0 1 0 1 0 0 0 1 
2224-0 0 0 0 0 0 0 0 1 -0 0 0 1 0 1 0 0 0 
2225-0 0 1 0 0 0 0 1 -0 0 0 0 0 0 0 1 
2226-0 1 1 0 0 0 0 1 -1 1 1 0 0 0 0 0 
2227-0 1 0 1 0 0 1 0 -0 0 0 1 0 0 0 0 
2228-0 1 0 1 0 0 0 0 -0 1 0 1 0 0 1 1 
2229-1 0 1 0 0 0 0 0 0 0 -0 0 1 0 1 0 0 1 0 0 
2230-0 1 0 0 0 0 0 0 0 0 -0 0 0 0 0 0 0 0 0 1 
2231-0 0 1 0 0 0 0 0 -0 0 1 0 1 0 1 0 
2232-0 0 0 0 1 0 1 1 -0 0 0 0 1 0 0 1 
2235-0 0 1 0 0 0 0 0 -0 0 1 0 0 0 0 1 
2236-0 0 0 0 1 0 0 0 -0 0 0 0 1 0 1 0 
2238-0 0 0 0 0 0 1 0 -0 0 1 0 0 0 1 0 
2241-0 0 0 0 0 0 0 1 0 0 -0 0 0 1 0 0 0 1 0 1 
2242-0 0 0 0 0 0 0 0 0 0 -0 0 0 0 0 1 0 0 0 0 
2245-0 0 0 0 0 0 1 0 0 -0 0 1 0 0 1 1 0 0 
2247-0 0 0 1 0 0 0 1 -0 1 0 0 0 0 0 1 
2248-0 1 1 1 0 1 1 0 -0 1 0 1 0 0 0 0 
2250-0 0 0 0 0 0 0 1 0 -0 0 0 1 0 0 0 0 0 
2251-0 0 0 0 1 1 0 0 0 -0 0 0 0 0 1 0 0 0 
2252-0 0 0 0 0 0 0 1 1 -0 0 1 0 0 0 0 0 0 
2253-0 0 0 0 0 0 0 1 0 -0 0 0 1 0 0 0 0 0 
2254-0 1 0 0 0 0 0 0 -0 0 1 0 0 0 0 0 
2255-1 1 1 0 1 0 1 1 -0 1 0 0 0 0 0 0 
2256-0 0 0 0 1 0 0 0 -0 0 0 1 1 0 0 0 
2258-0 0 1 1 0 0 0 1 -0 0 1 1 0 0 0 0 
2259-0 1 1 0 0 0 0 1 -0 1 0 0 0 0 0 1 
2261-0 0 1 0 0 0 0 1 0 1 -0 0 0 0 1 0 0 0 0 1 
2262-0 0 0 0 0 0 0 1 0 0 -0 0 0 1 0 0 0 0 0 0 
2265-0 0 1 1 1 0 0 1 -0 0 1 0 0 1 0 0 
2270-0 0 1 0 0 0 0 0 -0 1 1 0 0 1 0 0 
2271-0 0 1 0 1 0 0 0 -0 0 1 0 0 0 0 0 
2272-0 0 0 0 0 1 0 1 -0 0 0 0 1 0 0 1 
2273-0 0 0 0 0 1 0 1 -0 0 0 0 0 1 0 0 
2274-0 0 0 0 1 0 1 1 -0 0 0 0 1 0 0 1 
2275-0 1 0 0 0 0 1 0 -0 1 0 0 0 1 0 0 
2277-0 0 0 0 0 0 0 0 0 -0 0 0 0 0 0 1 0 0 
2281-0 0 1 0 0 0 0 1 0 0 -0 0 1 0 0 0 0 0 0 0 
2282-0 1 1 0 0 1 1 1 0 1 -0 0 0 0 0 0 1 0 0 1 
2283-0 1 0 0 1 0 0 0 0 1 -0 1 0 0 0 0 0 0 0 0 
2285-0 0 0 0 0 0 0 0 -1 0 0 0 0 0 0 0 
2286-0 1 0 0 1 0 0 0 -0 0 0 0 1 0 0 0 
2287-0 0 0 0 0 0 0 0 -0 1 0 0 0 0 0 1 
2289-0 0 0 1 0 0 1 0 -1 0 0 1 0 0 0 0 
2290-0 0 0 0 0 0 0 1 -0 0 0 0 1 0 0 0 
2291-0 0 0 0 0 0 0 0 0 0 -0 0 0 0 0 0 0 0 1 0 
2292-0 0 1 0 0 1 0 0 0 0 -1 0 0 0 0 0 0 0 0 0 
2293-0 1 0 0 0 0 0 0 0 0 -0 1 1 0 0 1 0 0 0 1 
2295-1 1 1 0 0 1 1 0 -0 0 1 0 0 0 0 0 
2296-1 0 0 0 0 0 0 1 -1 0 1 0 0 0 0 0 
2297-1 1 1 0 0 1 1 0 -1 0 0 0 0 0 0 0 
2298-0 0 0 0 0 0 0 0 -0 0 0 0 0 0 1 0 
2300-0 0 0 0 0 1 1 0 0 -0 1 0 0 0 1 0 0 0 
2301-0 0 1 0 0 1 0 0 0 -0 0 0 0 0 0 0 0 1 
2308-0 0 0 0 1 0 0 1 -0 0 0 0 1 0 0 0 
2312-1 0 0 1 0 0 0 1 1 -0 0 1 0 0 0 0 0 0 
2321-0 0 0 0 0 1 1 0 -0 0 0 0 0 1 0 0 
2322-0 0 0 0 0 1 1 0 -0 0 0 0 0 0 1 0 
2325-0 0 0 0 0 1 1 0 -0 0 0 0 0 0 1 0 
2326-1 1 0 0 0 0 0 0 -1 0 0 0 0 0 0 0 
2327-0 1 0 0 0 0 0 0 -0 1 0 0 0 1 0 0 
2331-1 0 1 1 0 1 0 0 -1 0 0 1 0 0 0 0 
2333-0 1 0 0 0 0 1 0 -0 0 0 0 0 0 1 0 
2338-0 1 1 0 0 0 0 0 0 0 -0 1 0 0 0 0 0 0 0 0 
2340-0 0 0 0 0 0 0 0 0 0 -0 0 1 0 0 0 0 0 0 0 
2343-0 0 0 0 1 1 0 0 -0 0 0 0 0 1 0 0 
2344-1 0 0 0 1 1 0 1 -1 0 0 0 1 0 0 0 
2347-0 0 0 0 0 1 0 1 -0 0 1 0 0 0 0 1 
2348-0 0 1 1 0 1 0 0 -0 0 0 0 0 1 0 0 
2351-0 0 0 0 1 0 0 1 -0 0 0 0 0 0 0 1 
2352-0 0 0 0 0 1 0 0 0 0 -0 0 0 0 0 0 0 0 1 0 
2353-0 0 0 0 0 1 0 0 0 1 -0 0 0 0 0 1 0 0 0 0 
2354-1 0 0 0 0 0 1 0 0 1 -0 0 0 0 0 0 1 1 0 0 
2355-1 0 0 0 0 0 0 1 1 0 -0 0 0 0 0 0 0 0 0 1 
2357-0 0 0 0 1 0 0 0 1 -0 0 0 0 1 1 0 0 1 
2360-0 1 0 0 0 0 0 1 -0 1 0 0 0 0 0 0 
2361-0 1 0 1 1 0 0 1 -0 0 0 0 0 0 0 1 
2362-0 0 0 0 1 1 0 0 -0 0 0 0 1 0 0 0 
2363-0 1 0 0 1 1 0 1 -0 0 0 0 0 1 0 0 
2364-0 0 0 0 1 0 0 0 0 0 -1 0 0 0 1 0 0 0 0 0 
2366-0 0 0 0 0 1 0 0 0 0 -0 0 1 0 0 1 1 0 0 0 
2367-0 1 0 0 0 0 0 0 1 -0 1 0 0 0 0 0 0 0 
2368-0 0 0 0 0 0 0 0 1 -0 0 0 0 0 0 1 0 1 
2378-0 0 0 1 0 0 0 1 -0 0 0 1 0 0 0 0 
2379-1 0 1 1 0 0 0 1 -0 0 0 0 0 0 0 1 
2380-0 0 0 0 0 0 0 0 -0 0 1 0 0 0 0 0 
2381-0 0 0 0 0 0 1 1 -0 1 0 0 0 0 0 1 
2383-0 1 0 0 0 0 1 1 -0 0 0 1 0 0 1 0 
2384-1 0 1 1 0 0 0 0 0 0 -0 0 1 1 0 0 0 0 0 0 
2385-0 0 0 0 1 1 0 0 0 1 -0 0 0 0 0 0 0 0 0 1 
2386-0 1 0 0 1 1 0 0 0 0 -1 0 0 0 1 0 0 0 0 0 
2387-1 1 1 0 0 1 0 0 1 -1 1 0 0 0 0 0 0 1 
2388-1 1 1 0 0 1 0 1 1 -0 0 1 0 0 1 0 0 1 
2389-0 0 0 0 0 0 1 1 -0 0 1 0 0 0 0 1 
2390-1 0 0 1 0 0 0 0 -0 0 0 0 0 0 0 1 
2391-1 0 0 0 0 0 1 1 -0 0 1 0 0 0 0 0 
2392-1 0 0 0 0 0 1 1 -1 0 0 0 0 0 1 0 
2393-0 1 0 0 0 0 0 0 1 1 -0 1 0 0 0 0 0 0 0 1 
2394-0 0 0 0 0 0 1 0 0 0 -0 0 0 0 0 0 0 0 1 0 
2395-1 0 1 1 1 0 1 1 1 0 -0 0 0 0 0 0 1 0 0 0 
2396-1 0 0 1 0 0 0 0 0 0 -0 0 0 1 0 0 0 0 0 0 
2398-0 1 0 1 0 0 0 0 -0 0 0 1 0 0 0 0 
2399-1 0 0 0 0 0 1 0 -0 0 0 0 0 0 1 0 
2400-0 0 0 0 0 0 0 1 -0 0 0 0 0 1 0 1 
2401-0 0 1 1 0 0 0 0 -0 0 0 0 0 1 0 1 
2402-0 0 0 0 0 0 0 0 -0 0 1 0 0 0 0 1 
2404-0 0 0 0 0 0 0 1 -0 0 0 0 0 1 0 0 
2406-1 0 0 0 0 0 0 1 -0 0 0 0 0 0 0 1 
2408-0 1 0 0 0 0 1 0 -0 1 0 0 0 0 0 0 
2410-0 0 1 0 0 0 0 1 0 -0 0 0 0 0 0 0 1 1 
2411-0 0 0 1 0 0 1 0 0 -0 0 0 1 0 0 0 0 0 
2412-0 0 1 0 1 0 0 0 0 -0 0 0 1 0 0 0 0 0 
2415-0 0 0 0 1 0 0 0 1 -0 0 0 0 0 0 0 0 1 
2416-1 1 1 1 1 1 1 1 1 -0 0 0 0 1 0 0 0 0 
2417-0 0 0 0 0 1 1 0 -0 0 0 0 0 0 1 0 
2419-0 0 1 0 0 0 0 0 -0 0 1 0 0 0 0 1 
2420-0 0 0 0 0 0 0 1 -1 0 0 0 0 0 0 1 
2421-0 0 1 0 1 0 0 1 -0 0 1 0 1 0 0 0 
2422-0 0 1 1 0 1 0 0 1 1 -0 0 0 0 0 0 0 0 1 1 
2424-0 0 0 0 0 1 0 0 1 0 -0 0 0 0 0 1 0 0 0 0 
2428-0 0 0 0 0 0 0 0 0 -0 0 0 0 0 0 0 0 1 
2429-0 1 0 0 0 0 0 0 0 -0 1 0 0 0 1 0 0 0 
2430-0 0 1 0 0 0 0 0 0 -0 1 1 0 0 0 0 0 0 
2434-1 0 0 1 0 0 0 0 -0 0 0 1 0 0 0 0 
2435-1 0 0 1 0 0 0 0 -1 0 0 0 0 0 0 0 
2436-0 0 0 0 0 1 0 0 -0 0 0 0 0 0 0 1 
2437-1 1 1 0 1 0 0 1 -0 0 0 0 1 0 0 1 
2439-0 1 0 0 1 0 0 0 -0 1 0 0 0 0 0 0 
2441-0 0 1 0 0 0 0 1 0 1 -0 0 0 0 0 0 0 0 0 1 
2442-0 0 0 0 1 0 0 0 1 0 -0 0 0 0 0 0 0 0 1 0 
2444-0 0 0 0 0 1 1 0 0 0 -0 0 1 0 0 0 0 0 0 0 
2445-0 0 0 1 0 0 1 0 -0 0 0 0 0 0 1 0 
2447-1 0 1 0 0 0 0 1 -1 0 1 0 0 0 0 0 
2448-0 0 0 0 0 0 0 0 -0 0 0 1 0 0 0 0 
2449-0 0 1 1 1 0 0 0 -0 0 1 1 0 0 0 0 
2450-0 0 1 1 1 0 1 0 -0 0 0 0 1 0 1 0 
2451-1 1 0 1 1 0 1 1 -1 1 0 1 0 0 0 0 
2452-1 0 0 1 1 1 0 0 0 0 -0 0 0 0 1 0 0 0 0 0 
2453-1 0 0 1 1 0 0 0 0 0 -1 0 0 0 0 0 0 0 0 0 
2454-0 0 0 1 0 0 0 0 0 0 -0 0 0 0 0 1 0 0 0 0 
2455-0 0 0 0 1 1 0 0 1 0 -0 0 0 1 0 0 0 0 0 0 
2456-0 0 1 0 0 0 0 1 0 0 -0 0 0 0 0 0 0 1 0 0 
2457-0 0 1 0 1 0 0 0 0 0 -0 0 1 0 0 0 0 0 0 0 
2458-1 0 0 0 0 0 1 0 -1 0 0 0 1 0 0 0 
2460-0 0 1 0 1 0 0 0 -1 0 1 0 0 0 0 0 
2461-0 1 0 1 1 1 0 0 0 -0 0 0 0 0 1 0 0 0 
2462-1 1 0 1 1 0 1 0 0 -0 1 0 0 0 1 0 0 0 
2463-1 0 0 0 0 0 0 0 0 -1 0 0 0 1 0 1 0 0 
2465-1 0 0 0 0 0 0 1 -1 0 0 0 0 0 0 0 
2466-0 0 0 1 0 0 0 0 -1 0 0 1 0 0 0 0 
2467-1 0 1 1 1 0 0 0 -0 0 0 0 1 0 0 0 
2470-0 0 1 0 0 0 1 0 -0 0 1 0 0 0 0 0 
2473-0 0 1 0 0 0 0 1 0 -0 0 1 1 0 0 0 0 0 
2474-0 1 0 1 0 1 0 0 0 -0 0 0 0 0 1 0 0 0 
2475-0 0 0 0 0 0 0 1 0 -0 0 0 0 0 1 0 0 0 
2477-1 0 0 0 1 0 0 0 0 0 -1 0 0 0 0 0 0 0 0 0 
2484-0 0 1 1 0 0 0 1 -0 0 1 0 0 0 0 0 
2485-0 0 1 0 0 0 0 1 -0 0 0 1 0 0 0 0 
2486-0 0 1 1 0 0 0 1 -0 0 1 0 0 0 0 0 
2489-1 0 1 0 1 0 0 1 -0 0 0 1 0 0 0 0 
2490-0 0 0 0 0 0 0 0 1 0 -0 0 0 0 0 0 0 0 1 1 
2493-1 0 0 0 1 0 0 1 1 0 -0 0 0 0 0 0 0 1 0 0 
2494-0 0 0 1 1 0 1 1 -0 0 0 1 1 0 0 0 
2495-1 0 0 0 0 0 1 0 -0 0 0 0 0 0 1 0 
2496-1 0 0 0 0 1 0 1 -1 0 0 0 0 0 0 0 
2497-0 0 0 1 0 1 0 1 1 -1 0 0 1 0 0 0 0 0 
2498-1 0 0 0 0 1 0 1 0 -0 0 0 0 0 1 0 1 0 
2499-0 0 0 1 0 1 0 0 1 -0 1 0 0 0 0 0 0 0 
2501-1 1 0 0 1 0 1 1 -1 0 0 0 0 0 0 0 
2502-0 1 0 1 0 0 1 0 -0 1 0 1 0 0 0 0 
2503-0 0 0 0 1 1 0 0 0 -0 0 0 0 1 0 0 0 0 
2504-0 0 1 0 0 1 0 0 0 -0 0 0 0 1 1 0 0 0 
2505-1 1 1 0 0 0 1 1 0 -1 1 0 0 0 0 0 0 0 
2506-0 0 0 1 1 0 0 0 1 -0 0 0 0 0 0 0 0 1 
2507-1 0 0 1 0 0 0 0 -0 0 0 1 0 0 0 0 
2508-0 1 1 0 1 0 0 1 -1 0 0 0 0 0 0 0 
2509-1 1 0 0 0 1 0 0 -0 1 0 0 0 0 1 0 
2510-0 0 0 1 1 0 0 0 -0 0 0 0 1 0 1 0 
2513-0 0 0 1 0 0 0 0 0 0 -0 0 0 1 0 0 0 1 0 0 
2514-0 0 0 1 0 0 0 0 0 0 -0 0 0 0 0 0 0 0 1 0 
2515-1 0 0 0 0 1 1 0 0 0 -1 0 0 0 0 0 0 0 0 0 
2516-0 0 0 0 0 0 0 0 0 0 -0 0 0 0 0 0 1 0 0 0 
2517-1 1 0 1 0 0 1 1 0 0 -0 0 0 0 1 0 0 0 0 0 
2518-0 0 0 1 0 0 0 1 -1 0 0 1 0 0 0 0 
2520-0 0 0 0 0 0 0 0 0 0 -0 1 0 0 0 0 0 0 0 0 
2521-1 0 1 0 1 0 0 0 1 0 -0 0 0 0 1 0 0 0 1 0 
2522-0 0 1 0 0 0 0 0 0 0 -0 0 1 0 0 0 0 0 1 0 
2523-0 0 0 0 1 1 1 0 0 0 -0 0 1 0 0 0 0 0 0 0 
2524-0 0 0 0 0 1 0 1 0 0 -1 0 0 0 0 0 0 0 0 0 
2526-0 1 0 1 0 1 1 0 -0 0 0 0 1 0 1 0 
2527-1 0 0 0 0 0 0 0 -1 0 0 0 0 0 1 0 
2528-1 0 1 1 0 1 1 0 -0 0 0 0 1 0 0 0 
2529-1 0 0 0 0 0 1 0 0 -1 1 0 1 0 0 0 1 0 
2530-0 0 0 0 0 0 1 0 -0 1 0 0 0 0 0 0 
2531-0 0 0 0 0 1 0 0 -1 0 0 0 0 1 0 0 
2533-0 0 0 0 1 1 0 1 -0 0 0 1 0 1 0 0 
2534-0 0 0 0 1 0 0 0 -0 0 0 1 0 0 0 1 
2535-0 1 0 1 0 0 0 0 -0 0 0 0 0 0 0 1 
2537-0 0 0 0 1 1 0 0 -0 0 0 0 1 0 0 0 
2540-0 0 0 0 0 0 0 1 -0 0 0 0 0 1 0 0 
2541-0 1 0 0 0 0 0 0 -0 1 0 1 0 0 0 0 
2542-0 0 0 0 0 0 0 0 -0 1 0 0 0 1 0 1 
2544-0 0 0 0 0 1 0 0 -0 0 1 0 0 1 0 0 
2548-0 0 1 1 0 0 0 0 0 0 -1 0 1 1 0 0 0 0 1 0 
2549-0 0 0 0 1 0 0 0 0 1 -0 0 0 0 1 0 0 0 0 0 
2550-0 0 1 1 0 1 0 0 0 -0 0 1 0 0 0 0 0 0 
2551-0 0 1 1 0 0 0 1 0 -1 0 0 1 0 0 1 0 0 
2554-0 0 0 1 0 0 0 0 -0 0 0 1 0 0 0 1 
2556-0 0 0 0 0 0 0 0 0 -0 0 0 0 0 0 0 0 1 
2557-0 1 1 0 0 0 0 0 0 -0 0 1 1 0 0 0 0 0 
2559-1 0 0 0 0 0 1 1 -1 0 0 1 0 0 0 0 
2560-0 0 1 0 0 0 0 0 -1 0 0 0 0 0 0 0 
2561-0 0 1 1 0 0 0 0 -1 0 0 0 0 0 0 1 
2562-0 0 0 0 0 0 1 0 -0 0 1 0 0 0 1 0 
2565-1 0 0 1 0 0 0 0 0 1 -1 0 0 1 0 0 0 0 0 0 
2567-0 0 0 0 0 0 0 0 1 1 -0 0 0 0 0 0 0 0 1 0 
2568-1 0 0 0 1 0 0 0 1 0 -0 0 0 0 0 0 0 0 1 0 
2572-1 0 0 0 0 0 0 0 -1 0 0 0 1 0 0 0 
2573-1 1 0 1 0 0 0 0 -1 0 0 1 0 0 0 0 
2574-1 1 0 0 0 0 0 0 -0 1 0 0 0 0 0 0 
2576-1 0 0 0 1 0 0 0 -0 0 0 0 1 0 0 0 
2577-0 0 1 0 0 0 0 0 -1 0 0 0 0 0 0 0 
2581-0 0 0 0 1 0 0 1 0 -0 0 0 0 1 0 0 0 0 
2582-0 0 0 1 0 1 0 0 0 -0 0 0 0 0 1 0 0 0 
2583-0 0 0 0 0 0 0 0 0 -0 1 0 0 0 0 0 0 0 
2587-0 0 0 1 0 0 0 1 0 0 -0 0 0 1 0 0 0 0 0 0 
2589-0 1 0 0 0 0 0 1 0 0 -0 0 0 0 0 0 0 1 0 0 
2591-0 0 0 1 1 1 0 0 -0 0 0 1 0 1 0 0 
2592-1 0 0 0 0 0 0 0 -0 1 0 0 0 0 0 0 
2593-1 0 0 0 0 1 1 0 -1 0 0 0 0 0 0 0 
2594-1 0 0 0 0 0 0 0 -1 1 0 0 0 0 0 0 
2596-0 0 1 0 0 1 0 0 -0 0 1 0 0 0 0 0 
2597-1 1 1 0 0 1 0 0 0 0 -0 1 0 0 0 1 0 0 0 0 
2598-1 0 0 0 0 0 0 0 1 0 -1 0 0 1 0 0 0 0 0 0 
2599-0 0 1 0 1 0 0 0 0 0 -0 0 1 0 0 0 0 0 0 0 
2600-0 0 0 0 0 0 0 1 0 -1 0 0 0 0 0 0 1 0 
2601-1 0 0 0 1 0 0 0 0 -0 0 0 0 1 0 0 0 0 
2609-0 0 0 0 1 0 0 0 -0 0 0 0 1 0 1 0 
2610-0 1 0 0 0 0 0 0 -1 0 0 0 0 0 0 0 
2611-1 1 1 0 1 0 1 0 -1 0 0 0 0 0 0 0 
2612-0 0 0 0 0 0 0 0 -0 0 0 0 1 0 1 0 
2613-0 0 0 0 0 0 0 0 -0 0 0 0 0 1 0 0 
2614-0 0 0 0 0 0 0 1 -0 0 0 0 0 0 1 0 
2615-0 0 0 0 1 0 0 0 -0 0 0 0 1 0 1 0 
2616-1 1 1 0 0 0 0 0 -1 1 0 0 0 0 0 0 
2617-0 0 0 0 0 0 0 0 0 -1 0 0 0 0 0 1 0 1 
2619-0 0 0 0 0 0 0 0 0 -0 0 0 0 0 0 0 1 0 
2620-1 0 0 0 1 0 0 0 1 0 -1 0 0 0 0 0 0 1 0 0 
2621-0 0 0 0 0 1 0 0 0 1 -0 1 0 0 0 1 0 0 0 0 
2622-0 0 1 0 0 1 0 0 0 1 -0 0 0 0 1 0 0 0 0 0 
2623-0 0 1 0 0 0 0 1 0 0 -0 0 0 0 0 0 0 0 1 0 
2625-0 1 0 0 1 1 0 0 -0 0 0 0 1 0 0 0 
2626-0 0 0 0 0 1 0 1 -0 1 0 0 1 1 0 0 
2627-0 0 0 0 0 1 0 1 -0 0 0 0 0 0 0 1 
2628-0 0 0 0 0 0 1 1 0 -0 0 0 0 0 0 1 0 0 
2629-0 0 0 0 0 0 0 0 0 -0 0 0 0 1 0 0 0 0 
2636-1 0 0 1 0 0 0 0 -0 0 0 1 0 0 0 0 
2637-0 1 0 0 1 0 0 0 -0 0 0 0 1 0 0 0 
2642-0 0 0 0 0 0 1 0 0 0 -1 0 0 0 0 0 0 0 0 0 
2643-1 0 1 0 0 0 1 0 0 0 -0 0 1 0 0 0 0 0 0 0 
2645-1 1 0 0 0 0 0 0 -1 0 0 1 0 0 0 0 
2648-0 0 0 0 0 0 0 0 -0 0 0 1 0 0 0 0 
2649-0 0 0 1 0 0 1 0 -1 0 0 0 0 0 0 0 
2655-0 0 0 0 1 0 0 1 0 1 -0 0 0 0 1 0 0 0 0 0 
2656-0 0 1 0 0 0 0 0 0 0 -0 1 0 1 0 0 0 0 0 0 
2657-1 0 1 0 0 0 0 0 -0 0 1 0 0 0 0 0 
2658-1 1 0 0 0 0 0 0 -1 0 0 0 0 0 0 0 
2659-1 0 0 0 1 0 0 0 -0 1 0 0 1 0 0 0 
2662-1 1 0 0 0 0 0 0 -0 1 0 0 0 0 0 0 
2663-0 0 1 0 0 0 1 0 -0 0 1 0 0 0 0 0 
2664-0 0 0 1 0 0 0 1 -1 0 0 1 0 0 0 0 
2666-0 0 0 0 0 1 0 1 0 1 -0 1 0 0 0 0 0 0 0 0 
2672-0 0 0 0 0 0 0 1 -0 0 0 0 0 0 1 1 
2676-0 0 0 0 0 0 0 0 -0 0 0 0 1 0 0 0 
2680-0 0 0 0 0 0 0 1 0 -0 0 0 0 0 0 0 1 1 
2681-1 0 0 0 0 0 1 1 1 -0 0 0 0 0 0 0 0 1 
2684-0 0 0 1 0 0 0 0 -0 1 0 1 0 0 0 0 
2686-0 0 0 0 0 0 0 0 -0 0 0 0 0 0 1 0 
2687-0 0 0 1 1 0 0 0 1 -0 0 0 1 0 0 0 0 1 
2688-0 1 0 0 0 1 1 0 0 -0 1 0 1 0 0 1 0 0 
2689-0 0 1 0 1 1 0 0 0 0 -0 0 1 0 1 0 0 0 0 0 
2690-0 1 0 0 0 0 1 0 0 0 -0 0 1 0 0 1 0 0 0 0 
2692-1 0 0 0 0 0 0 0 0 0 -0 0 0 0 0 0 0 1 0 0 
2696-0 0 0 0 1 1 1 0 -0 0 0 0 0 1 0 0 
2698-1 0 0 0 0 0 0 0 -1 0 0 0 0 0 1 0 
2699-0 1 0 0 1 0 1 0 -0 0 0 0 1 0 0 0 
2700-0 1 0 0 1 0 1 0 -0 1 0 0 0 0 0 0 
2703-0 0 0 0 0 1 0 1 -0 0 0 0 0 1 0 0 
2705-0 0 1 0 0 1 0 0 0 -0 0 1 0 0 0 0 0 0 
2706-0 0 0 1 0 0 0 0 0 -1 0 0 1 0 0 0 0 0 
2707-0 0 1 1 1 0 0 0 -0 0 1 1 0 0 0 0 
2710-0 0 1 1 0 0 0 0 1 0 -0 0 1 1 0 0 1 0 1 0 
2712-0 0 0 0 1 0 1 0 0 0 -0 0 0 0 1 0 0 0 0 0 
2715-0 0 0 0 0 0 0 0 -0 0 0 0 0 0 0 1 
2716-0 0 0 0 0 0 0 0 -0 1 0 0 0 0 0 0 
2718-0 0 0 0 0 0 0 1 -0 0 0 0 0 1 0 0 
2720-0 0 0 0 0 0 0 0 -1 0 0 0 1 0 0 0 
2722-1 0 0 0 1 0 0 0 0 -1 0 0 0 0 0 0 0 0 
2728-0 1 1 0 0 0 0 0 -0 1 0 0 0 0 0 0 
2729-0 0 0 0 0 1 1 0 -0 0 0 0 0 0 1 0 
2730-0 0 1 1 0 0 1 0 0 0 -0 0 0 1 0 0 1 0 0 0 
2732-1 0 0 0 0 0 0 0 0 0 -1 0 0 0 0 0 0 0 1 0 
2734-0 0 1 0 0 1 1 1 -0 0 0 1 0 1 0 0 
2736-0 0 0 1 0 0 0 1 -0 0 0 0 0 0 0 1 
2740-1 0 1 0 0 0 1 0 -1 0 0 0 0 0 0 0 
2741-0 0 0 1 0 0 1 0 -0 0 1 1 0 0 0 0 
2742-1 0 1 1 1 1 1 1 -0 0 1 0 0 0 1 0 
2744-0 1 0 0 1 0 0 0 0 -0 0 0 0 1 0 0 0 0 
2746-0 1 0 0 0 0 1 0 1 -0 1 0 0 0 0 0 0 1 
2747-1 1 0 1 1 0 0 1 0 -0 1 0 0 0 0 0 0 1 
2751-1 0 0 0 0 0 0 0 -0 0 1 0 0 0 0 0 
2754-0 0 1 0 1 0 0 1 0 0 -0 0 1 0 1 0 0 0 0 0 
2755-0 1 0 0 0 0 0 1 0 0 -0 0 0 0 1 0 0 0 0 0 
2756-0 1 0 0 0 0 1 0 0 1 -0 1 0 0 0 0 1 1 0 0 
2757-0 0 0 0 1 1 0 0 -0 0 0 0 0 1 0 0 
2758-0 1 1 0 1 1 0 1 -0 0 0 0 0 1 0 0 
2759-0 0 0 0 0 0 0 1 -0 0 0 1 0 0 0 1 
2760-0 0 0 1 0 0 1 0 -0 0 0 0 0 0 1 0 
2761-0 0 1 0 1 0 0 0 -0 0 0 0 1 0 0 0 
2762-0 0 0 0 0 0 0 1 -0 0 0 0 1 0 0 0 
2763-0 0 1 0 1 1 1 1 -0 0 0 0 0 0 1 0 
2764-0 0 1 0 1 0 0 0 -0 0 1 0 0 0 0 1 
2765-0 0 1 0 1 0 1 0 1 0 -0 0 0 0 1 0 0 0 1 0 
2766-0 0 0 1 0 1 0 0 1 0 -0 0 0 0 0 1 0 0 1 0 
2768-0 0 1 0 1 0 1 1 0 -0 0 0 0 1 0 0 1 0 
2769-0 0 0 0 0 0 1 1 0 -0 0 0 0 0 0 1 0 0 
2770-0 0 1 0 1 0 0 0 0 -0 0 1 0 0 0 0 0 0 
2771-0 0 0 0 1 1 1 0 -0 0 0 0 1 1 0 0 
2773-0 0 0 1 0 0 1 0 -0 0 0 1 0 0 0 0 
2775-0 1 0 0 0 0 1 0 -0 1 0 0 0 0 0 0 
2781-0 0 0 0 0 1 0 1 -0 0 0 0 0 0 0 1 
2784-0 0 0 0 0 0 0 0 1 -0 0 0 0 1 0 0 0 1 
2786-0 0 0 1 0 0 1 0 -0 1 0 1 0 0 1 0 
2788-0 0 0 0 0 1 0 0 1 0 -0 0 0 0 0 1 0 0 0 0 
2789-0 1 0 0 0 0 0 0 1 0 -0 1 0 0 0 0 0 0 0 0 
2790-0 0 0 0 0 0 0 1 0 0 -0 0 0 0 0 0 0 1 1 1 
2796-0 0 0 0 0 0 0 1 0 0 -1 0 0 0 0 0 0 0 0 0 
2797-0 0 0 1 0 0 0 0 0 0 -0 0 0 1 0 0 0 0 1 0 
2799-0 1 0 1 0 1 0 1 -0 0 0 1 0 0 0 1 
2803-0 1 0 0 0 1 0 0 -0 1 0 0 0 0 0 0 
2804-0 1 0 1 0 1 1 0 -0 0 0 0 0 1 0 0 
2810-0 1 0 0 0 0 0 1 -0 0 0 0 0 0 0 1 
2811-0 0 0 0 0 0 1 0 -0 1 0 0 0 0 1 0 
2813-0 0 1 0 1 0 0 0 0 -0 0 1 0 0 0 0 0 0 
2814-0 0 0 0 0 1 0 0 0 -0 0 0 0 1 1 0 0 0 
2815-0 0 0 0 0 0 0 1 1 -0 0 0 0 0 1 0 0 1 
2816-1 0 0 0 0 0 1 0 0 -0 0 0 0 0 1 0 0 1 
2817-0 0 0 0 1 0 1 0 0 -0 0 0 0 0 0 1 0 0 
2818-0 0 0 0 0 1 1 1 -0 0 0 0 0 0 1 1 
2819-0 0 0 1 0 1 0 0 -0 0 0 0 0 1 0 0 
2820-0 0 1 0 0 0 0 0 0 0 -0 0 1 0 0 0 0 0 0 1 
2821-1 1 0 0 0 1 0 0 0 1 -0 0 0 0 1 1 0 0 0 0 
2822-0 0 0 0 0 0 0 1 0 0 -0 1 0 0 0 0 0 1 0 0 
2823-0 0 0 1 0 1 0 1 -0 0 0 1 0 0 0 0 
2824-1 0 0 1 0 0 1 1 -0 0 0 1 0 1 0 1 
2825-0 0 0 0 0 0 0 0 -0 0 0 0 0 0 1 0 
2826-0 1 0 0 1 0 0 1 -0 0 0 0 1 1 0 1 
2827-1 0 1 1 0 0 0 0 -0 0 0 0 1 0 0 0 
2828-0 0 0 0 1 0 0 0 -0 1 0 0 0 0 0 1 
2829-0 0 1 0 1 0 0 1 1 1 -0 0 0 0 0 0 0 0 0 1 
2830-0 0 0 0 0 0 0 0 1 0 -0 1 0 1 1 0 0 0 1 0 
2831-0 1 0 1 0 0 0 0 0 0 -0 0 0 0 0 0 0 1 0 0 
2832-1 0 0 1 0 0 1 0 1 -0 0 1 0 0 0 0 1 0 
2833-1 0 1 1 0 0 0 0 0 -1 0 0 0 0 0 0 1 0 
2834-1 0 1 1 0 0 0 0 1 -1 0 0 0 0 0 0 0 0 
2835-0 0 0 1 0 0 0 1 0 -0 0 0 1 0 0 0 0 1 
2836-0 0 0 0 1 0 0 1 -0 0 0 0 1 0 0 0 
2837-0 0 0 0 1 0 0 1 -0 0 1 0 0 0 0 1 
2839-0 0 0 0 0 1 0 1 -0 0 1 0 0 0 0 0 
2840-0 0 0 0 0 0 0 0 -0 0 1 0 0 1 0 0 
2841-0 0 0 0 0 1 0 0 -0 1 0 0 0 1 0 1 
2847-0 1 0 1 0 0 1 1 0 -0 1 0 0 0 0 1 0 0 
2849-0 1 0 0 1 0 0 0 -0 0 0 0 1 0 0 0 
2850-0 1 0 1 0 0 0 0 -0 1 0 0 0 0 0 0 
2852-0 0 0 0 0 0 0 1 -1 0 0 0 0 0 0 1 
2853-0 1 0 0 1 0 1 0 -0 1 0 0 0 0 0 0 
2854-0 0 0 0 0 0 0 0 -0 0 0 0 1 0 0 0 
2855-0 0 0 0 0 0 1 1 0 0 -0 1 0 0 0 0 1 0 0 0 
2857-1 0 0 0 0 0 0 0 0 0 -1 0 0 0 0 0 0 1 0 0 
2860-1 0 0 1 0 0 0 0 1 0 -0 0 0 0 0 0 0 0 1 0 
2861-1 0 0 1 0 0 0 0 0 0 -1 0 0 0 0 0 0 0 0 0 
2862-0 0 0 0 1 0 0 0 0 1 -0 0 0 0 0 0 0 0 0 1 
2863-0 1 0 0 0 1 0 0 -0 1 0 0 0 0 0 0 
2864-1 0 0 0 1 0 0 0 -1 0 0 0 1 0 0 1 
2865-0 0 0 1 0 1 1 0 -0 0 0 0 0 1 0 0 
2866-1 1 0 1 0 0 0 0 1 -1 1 0 0 0 0 0 0 0 
2867-1 0 0 1 0 0 0 0 1 -0 0 0 1 0 0 0 0 0 
2868-0 0 0 1 0 0 0 0 1 -0 0 0 0 0 0 0 0 1 
2869-0 1 0 0 1 0 0 0 0 -0 0 0 1 0 0 0 0 0 
2870-0 0 0 1 1 0 0 1 -0 0 0 1 0 0 0 0 
2871-0 0 0 0 1 0 0 0 -0 0 0 1 0 0 0 1 
2872-0 1 1 1 1 1 1 1 -0 0 0 0 1 0 0 1 
2875-0 0 0 0 0 0 1 0 -0 0 0 0 0 0 0 1 
2876-1 0 1 0 0 1 0 0 -0 0 1 0 0 0 1 0 
2877-0 0 0 1 0 0 0 0 1 0 -0 0 0 0 0 0 0 0 0 1 
2878-0 0 0 0 0 0 0 0 0 1 -0 1 0 0 0 0 0 0 0 0 
2879-0 0 0 1 0 1 0 0 0 0 -0 0 0 1 0 0 0 0 0 0 
2880-0 0 1 0 1 0 0 0 0 0 -0 0 1 0 0 1 0 0 0 0 
2882-1 1 0 0 0 0 0 0 -1 0 0 0 0 0 0 0 
2883-0 0 0 0 0 0 0 1 -0 0 1 0 0 0 0 0 
2884-1 1 0 0 0 0 0 1 -0 1 0 0 0 0 0 0 
2885-1 1 0 0 0 0 0 0 -0 0 0 0 0 0 0 1 
2889-0 1 0 0 0 0 1 0 -0 1 0 0 0 0 0 0 
2891-1 1 0 1 0 0 0 0 1 -1 0 0 0 0 0 0 0 0 
2898-1 1 0 0 0 0 0 0 -1 0 0 0 0 0 0 0 
2899-1 0 0 0 1 0 0 0 0 0 -0 0 0 0 1 0 0 0 0 1 
2901-1 0 0 1 0 1 1 1 -0 0 0 0 0 0 1 1 
2902-0 0 0 0 1 0 0 1 -0 0 0 0 1 1 0 0 
2903-0 0 0 1 1 0 0 0 0 -0 0 0 0 1 0 0 0 0 
2904-1 1 0 0 1 0 0 0 0 -0 0 0 0 0 0 0 0 1 
2905-0 0 0 1 0 0 0 1 0 -0 0 0 1 0 0 0 0 0 
2906-0 0 1 1 1 1 0 1 1 -0 0 0 1 0 0 0 1 0 
2907-0 1 0 0 1 0 1 0 0 -0 0 0 0 0 0 1 0 0 
2908-1 0 1 1 1 1 1 1 -0 0 0 0 1 1 1 1 
2909-1 0 0 0 0 1 1 0 -0 0 0 0 0 1 1 0 
2910-0 0 1 1 0 0 0 1 -0 0 0 1 0 0 0 1 
2911-0 0 0 1 0 0 0 0 0 0 -0 0 0 0 0 0 0 0 1 0 
2914-0 0 1 0 0 1 0 0 0 0 -0 0 0 0 0 1 0 0 0 0 
2915-0 0 0 0 0 0 0 0 1 -0 0 0 0 0 1 0 0 0 
2916-0 0 1 1 1 0 0 0 0 -0 0 0 1 0 0 0 0 1 
2918-0 0 0 0 1 0 1 0 0 -0 0 0 0 1 0 0 0 0 
2920-0 0 1 1 0 0 0 0 -0 0 0 1 0 0 1 0 
2921-0 1 0 1 0 0 0 0 -0 0 1 0 0 0 0 0 
2922-0 1 0 1 1 0 1 0 -0 1 0 0 0 0 0 0 
2924-1 0 0 0 1 0 0 0 -1 0 0 0 0 0 0 0 
2925-0 0 1 0 0 0 0 0 -0 0 0 0 0 0 1 0 
2926-1 1 1 0 1 0 0 0 -0 0 1 0 0 0 0 0 
2928-0 0 0 0 1 1 0 0 -0 0 1 0 0 1 0 0 
2929-0 1 0 1 0 0 0 0 -0 0 0 1 1 0 0 0 
2931-0 0 0 1 0 0 0 0 1 -1 0 1 0 0 0 0 0 0 
2932-1 0 1 0 0 0 0 0 0 -1 0 0 0 0 0 0 0 0 
2935-1 0 1 0 0 0 1 0 -0 0 1 0 0 0 0 0 
2936-1 1 1 1 0 0 0 0 -1 1 0 0 0 0 1 0 
2939-0 0 0 0 1 0 0 0 -0 0 1 0 1 0 0 0 
2940-0 1 0 1 0 0 0 0 -0 0 0 1 0 0 0 0 
2941-1 1 0 1 1 0 1 0 0 0 -1 0 0 1 0 0 0 0 0 0 
2942-0 0 1 1 1 0 0 1 0 0 -0 0 0 0 0 0 0 1 0 0 
2943-0 0 0 0 0 1 0 1 1 0 -0 1 0 0 1 0 0 0 0 0 
2944-0 0 0 1 0 0 0 0 -0 1 0 1 0 0 0 0 
2945-0 0 1 0 0 0 1 1 -0 1 0 0 0 0 0 0 
2946-1 1 0 0 1 0 0 0 -1 0 0 0 1 0 0 0 
2947-0 0 0 0 1 0 1 0 0 0 -0 0 0 0 1 0 0 0 0 0 
2950-0 0 0 0 1 0 1 0 0 0 -0 0 0 0 0 0 1 0 0 0 
2953-0 0 0 0 0 0 0 0 0 -0 0 0 0 1 0 0 0 0 
2954-0 0 0 0 0 1 0 1 0 -0 0 0 0 0 1 0 0 0 
2956-0 0 1 0 0 0 0 0 -0 0 1 1 0 0 0 0 
2961-0 0 1 0 0 0 0 0 -0 0 1 0 1 0 0 0 
2963-0 1 0 1 1 0 0 0 -0 0 0 1 1 0 0 0 
2968-0 0 0 0 0 0 0 0 -0 1 0 0 0 0 0 0 
2969-0 0 0 0 1 0 0 0 -1 0 0 0 0 0 0 0 
2971-0 0 1 0 0 0 0 0 0 0 -0 1 1 0 0 0 0 0 0 0 
2972-0 0 0 0 0 1 0 0 1 0 -0 0 0 0 0 1 0 0 0 0 
2973-0 0 0 0 0 0 0 0 0 0 -1 0 0 0 0 0 0 0 0 0 
2974-0 0 0 0 0 0 0 0 -1 0 0 0 0 0 0 0 
2976-0 0 0 0 0 0 0 0 -0 1 0 0 0 0 0 0 
2981-0 0 0 0 0 0 0 0 -0 1 0 0 0 0 0 0 
2982-0 0 0 0 0 0 0 0 0 -1 0 0 0 0 0 0 0 0 
2983-0 0 0 0 0 0 0 0 0 -0 0 0 0 1 0 0 0 0 
2985-0 0 1 0 0 0 0 1 0 -0 0 1 0 0 0 0 0 0 
2986-1 1 1 0 1 0 0 1 -0 0 1 0 0 0 0 0 
2987-1 0 0 0 0 1 0 0 -0 0 0 0 0 1 0 0 
2988-1 0 0 0 0 0 0 0 -0 1 0 0 0 0 0 0 
2989-1 0 0 0 0 0 0 0 0 0 -0 1 0 0 0 0 0 0 0 0 
2990-1 0 0 0 0 0 0 0 0 0 -0 0 1 0 0 1 1 0 0 0 
2994-0 0 1 0 0 0 0 0 -0 0 0 0 0 0 1 0 
2995-0 0 0 0 0 0 1 0 -0 0 0 0 0 0 0 1 
2996-0 1 0 0 1 1 0 0 0 -0 0 0 0 1 0 0 0 0 
2997-0 0 1 0 1 1 0 0 1 -0 0 1 0 0 0 1 0 0 
2998-0 1 0 0 0 0 0 0 1 -0 0 0 0 0 0 0 0 1 
3000-1 0 0 0 1 0 0 0 -0 0 0 0 1 1 0 0 
3002-0 0 0 0 0 0 0 0 1 -0 0 0 0 0 1 0 0 0 
3003-0 1 0 1 0 1 0 0 0 -0 1 0 1 0 0 0 0 0 
3004-0 1 0 0 0 0 0 0 1 -0 0 0 0 0 0 0 0 1 
3005-1 0 0 1 0 1 0 0 -0 0 0 1 0 1 0 0 
3006-1 1 0 1 0 1 0 0 -0 1 0 0 0 0 0 0 
3007-1 1 0 0 0 0 0 0 -1 0 0 0 0 0 0 0 
3008-1 0 1 0 1 1 0 0 -1 0 1 0 1 0 0 0 
3009-1 1 0 0 0 0 0 0 -1 0 1 0 0 0 0 0 
3011-0 0 1 0 1 0 0 0 0 0 -0 0 1 0 0 0 0 0 0 0 
3012-0 1 0 0 0 1 0 0 0 1 -0 0 0 0 0 1 0 0 0 1 
3014-0 0 0 1 0 0 0 0 1 0 -0 0 0 1 0 0 0 0 0 0 
3016-1 1 0 0 0 0 0 0 -1 0 0 0 0 0 0 0 
3019-1 1 0 0 0 0 0 1 -0 1 0 0 0 0 0 0 
3020-0 1 0 0 0 0 0 0 -0 0 1 0 0 0 0 0 
3021-0 0 0 0 0 1 0 1 0 0 -0 0 0 0 0 0 0 1 0 0 
3022-0 0 0 0 0 0 1 0 0 1 -1 0 0 1 0 0 0 0 0 0 
3023-0 0 0 0 1 0 0 0 0 0 -0 1 0 0 1 0 0 0 0 0 
3024-0 0 0 0 1 0 1 0 -1 0 0 0 0 0 0 0 
3025-0 1 0 0 1 0 0 1 -0 0 0 0 1 0 0 0 
3026-0 0 0 0 0 1 0 0 -0 1 0 0 0 0 0 0 
3027-0 1 0 1 0 0 0 0 -0 0 0 1 0 0 0 0 
3029-1 1 0 0 1 0 0 0 -1 1 0 0 0 0 0 0 
3030-0 0 0 0 0 0 0 0 -0 0 0 1 0 0 0 0 
3031-1 1 0 0 1 0 0 0 -0 1 0 0 0 0 0 0 
3033-0 0 0 0 1 0 0 0 0 -1 0 0 0 1 1 0 0 0 
3034-1 0 1 0 0 0 0 0 0 -0 0 1 0 0 0 0 0 0 
3035-1 0 1 0 0 0 0 0 0 -1 0 0 0 0 0 0 0 0 
3036-1 1 1 0 0 0 1 0 -1 0 1 0 0 0 0 0 
3037-1 1 1 0 0 0 1 0 -0 1 0 0 0 0 0 0 
3038-0 0 1 0 0 0 1 0 -0 0 0 0 0 0 1 0 
3040-0 1 0 0 0 0 0 1 0 -0 1 0 1 0 0 0 1 0 
3041-0 1 1 0 0 0 0 1 -0 0 1 0 0 0 0 0 
3042-0 1 1 0 0 0 0 1 -0 0 0 0 0 0 0 1 
3043-1 0 0 0 0 0 0 1 -1 1 0 0 0 0 0 0 
3044-1 0 1 0 0 0 0 0 0 0 -1 0 0 0 0 0 0 0 0 0 
3045-0 0 1 0 0 0 0 0 1 0 -0 0 1 0 0 0 0 0 0 0 
3047-0 0 1 0 0 0 0 1 0 0 -0 0 0 0 0 0 0 1 0 0 
3048-0 1 0 0 1 0 0 1 0 0 -0 1 0 0 1 0 0 0 0 0 
3050-0 0 0 1 0 0 0 0 -1 0 0 0 0 0 0 0 
3051-0 1 0 0 0 0 0 0 -0 1 1 0 0 0 0 0 
3054-1 0 1 1 0 0 0 1 -0 0 0 1 0 0 0 0 
3055-0 0 1 1 0 0 0 0 -0 0 1 0 0 0 0 0 
3056-0 0 0 1 0 0 0 1 -0 0 0 1 0 0 0 0 
3061-0 0 1 0 0 0 0 0 1 -0 0 0 0 0 0 0 0 1 
3062-0 0 1 0 0 0 0 1 1 -0 0 1 0 0 0 0 0 0 
3063-0 0 0 0 0 0 0 0 -0 0 1 0 0 0 0 0 
3065-0 0 0 1 1 0 0 1 -0 0 0 0 0 0 0 1 
3068-0 0 0 0 1 0 1 1 -0 0 0 0 0 0 1 1 
3072-0 0 0 0 1 0 0 1 0 0 -0 0 0 0 1 0 0 0 0 0 
3076-0 0 0 1 0 0 1 0 -0 1 0 1 0 0 0 0 
3079-0 1 0 0 1 0 1 0 -0 0 0 0 1 0 0 0 
3080-0 1 0 0 1 0 1 1 -0 1 0 0 0 0 0 1 
3081-1 0 0 0 0 1 0 1 -0 0 0 0 0 0 0 1 
3083-0 1 0 0 0 1 1 1 -0 0 0 0 0 0 1 1 
3084-0 0 0 0 0 0 1 0 -0 0 0 0 0 1 1 0 
3085-1 1 0 1 0 1 1 0 -0 1 0 0 0 0 0 0 
3087-0 0 0 0 0 0 1 1 1 -0 0 0 0 0 0 0 1 1 
3088-0 0 0 0 1 0 1 0 0 -0 0 0 0 0 0 1 0 1 
3089-1 0 0 0 1 0 1 1 0 -0 0 0 0 1 0 0 0 1 
3090-0 1 0 0 0 1 0 1 1 1 -0 1 0 0 0 1 0 0 1 0 
3091-0 0 0 0 0 0 0 1 0 1 -0 0 0 0 0 0 0 1 0 0 
3092-0 1 0 0 1 1 0 0 1 0 -0 0 0 0 0 0 0 0 0 1 
3094-0 0 1 0 1 0 1 0 1 -0 0 1 0 1 0 0 0 0 
3095-1 0 1 1 1 1 1 0 0 -0 0 1 0 0 0 1 0 0 
3097-0 1 0 0 1 0 0 1 -0 1 0 0 0 0 0 1 
3098-0 0 0 0 1 0 1 1 -0 0 0 0 1 0 1 0 
3099-1 0 0 0 0 1 1 0 -0 0 0 0 0 0 1 0 
3100-0 0 0 1 0 1 0 0 -0 0 0 0 0 1 0 1 
3101-1 0 0 1 0 0 1 1 -0 0 0 1 0 0 0 0 
3103-0 1 0 0 0 1 0 1 0 1 -0 1 0 0 0 0 0 0 0 0 
3104-0 0 0 0 0 1 0 1 0 1 -0 0 0 0 0 1 0 1 0 0 
3105-0 0 1 0 0 0 0 0 0 1 -0 0 1 0 0 0 0 0 0 0 
3106-0 0 0 0 1 0 0 0 0 0 -0 0 0 0 1 0 0 0 0 1 
3107-0 0 0 0 0 0 1 1 -0 0 0 0 0 0 1 0 
3109-0 0 0 1 0 1 1 0 -0 0 0 0 0 1 0 0 
3110-0 0 0 1 0 1 1 1 -0 0 0 1 0 0 0 0 
3111-0 0 0 1 0 1 0 1 -0 0 0 0 0 0 0 1 
3113-0 0 0 0 0 0 0 0 -0 1 0 0 0 1 1 0 
3114-0 1 1 0 0 0 0 0 -0 1 0 0 0 0 0 0 
3120-0 0 1 1 0 1 1 0 0 -0 0 1 1 0 0 0 0 0 
3122-0 1 0 0 0 1 0 0 0 0 -0 0 0 0 0 1 0 0 0 0 
3123-0 1 1 0 1 0 0 0 0 0 -0 0 1 0 0 0 0 0 0 0 
3124-0 1 0 0 0 0 0 0 0 0 -0 1 0 0 0 0 0 0 0 1 
3126-0 0 1 0 0 0 0 1 -0 0 0 0 1 0 0 1 
3127-0 0 1 0 1 0 0 0 -0 0 1 0 0 0 0 0 
3129-0 1 0 0 1 0 0 0 -0 0 0 0 1 0 0 0 
3131-0 0 0 0 0 0 0 1 0 0 -0 0 0 0 1 1 0 0 0 0 
3132-0 0 0 1 0 0 0 1 1 0 -0 0 0 0 0 0 1 0 0 0 
3133-1 0 0 0 0 0 0 0 1 0 -1 0 0 0 0 0 0 0 0 0 
3135-0 0 0 1 1 1 0 0 -0 0 0 1 1 0 0 0 
3136-0 1 0 0 0 1 0 0 -0 0 0 0 0 1 0 0 
3139-0 1 1 0 0 0 0 0 -0 0 1 0 0 0 0 0 
3140-1 1 0 1 0 0 0 0 -0 0 0 1 1 0 0 0 
3144-0 0 0 0 1 1 0 0 0 -0 0 0 0 1 0 0 0 0 
3145-0 0 0 0 0 0 1 0 0 -0 0 0 0 0 1 0 0 0 
3147-0 1 0 0 0 0 1 0 -0 0 0 0 0 0 1 0 
3148-0 0 0 0 0 0 1 0 -0 1 0 0 0 0 0 0 
3149-0 0 1 0 0 0 0 0 0 0 -0 1 0 0 0 0 0 0 0 0 
3150-0 0 0 0 1 0 0 0 0 0 -0 0 1 0 0 0 0 0 0 0 
3151-0 1 1 0 1 1 0 0 1 1 -0 0 0 0 1 0 0 0 0 0 
3154-1 1 0 0 1 0 1 1 0 -0 0 0 0 0 0 1 0 0 
3155-0 0 0 0 0 1 1 1 -0 0 0 1 0 0 1 0 
3156-0 0 0 0 1 0 0 0 -0 0 0 1 0 1 0 0 
3157-0 0 0 0 0 0 0 1 -0 0 0 1 0 1 1 0 
3158-0 0 0 1 0 1 1 0 -0 0 0 0 0 1 0 0 
3161-0 0 0 0 0 1 1 0 -0 0 0 0 0 0 1 0 
3162-0 0 0 0 0 0 0 0 -0 0 0 0 0 0 0 1 
3163-0 0 0 0 1 0 1 1 -0 0 0 0 0 0 1 0 
3166-0 0 0 0 1 0 1 0 -0 0 0 0 1 0 0 0 
3168-0 0 0 0 1 0 1 0 0 -0 0 0 0 0 0 1 0 0 
3169-1 0 0 0 1 0 1 0 1 -0 0 0 0 1 0 0 0 1 
3171-0 0 0 1 0 0 1 0 -0 0 0 0 0 0 1 0 
3174-0 0 0 0 0 1 0 1 -0 0 0 0 0 0 0 1 
3177-1 0 0 0 0 0 0 0 0 0 -0 0 0 0 0 0 0 0 0 1 
3179-0 0 0 0 1 0 0 1 0 0 -0 0 0 0 1 0 0 0 0 0 
3180-0 0 0 0 1 0 1 0 1 0 -0 0 0 0 0 0 0 1 0 0 
3181-1 0 0 0 0 0 0 1 -1 0 0 0 0 0 0 0 
3182-1 0 0 0 1 0 0 0 -0 0 0 0 1 0 0 1 
3184-0 0 1 1 0 0 0 0 0 -0 0 0 0 1 0 0 0 0 
3185-0 0 0 0 0 0 0 0 1 -0 0 0 0 0 0 0 1 0 
3186-0 0 0 0 0 0 0 0 0 -0 0 0 0 0 0 1 0 0 
3187-0 1 0 0 0 0 0 0 1 -0 0 0 0 0 0 0 0 1 
3189-0 0 0 0 0 0 0 1 1 -0 0 0 0 0 0 0 1 0 
3190-0 0 0 0 1 1 0 0 -0 0 0 0 0 1 0 0 
3193-0 0 0 0 0 0 0 0 -0 1 0 0 0 0 0 0 
3194-1 0 0 0 0 0 1 0 -0 0 0 0 0 0 0 1 
3195-0 1 0 0 0 0 0 0 -1 1 0 0 0 0 0 1 
3196-0 0 0 0 0 0 0 1 -0 0 0 0 0 0 1 0 
3197-1 0 0 0 0 0 1 0 0 0 -0 0 0 0 0 0 0 0 0 1 
3198-1 1 0 1 0 0 0 0 0 1 -1 0 0 0 0 0 1 0 0 0 
3205-1 1 0 0 0 1 1 0 -0 1 0 0 0 0 1 0 
3207-1 0 0 0 0 1 0 0 -0 0 0 1 0 0 0 0 
3209-1 0 0 0 0 0 1 1 0 -0 0 0 0 0 1 0 1 0 
3213-1 0 0 0 1 0 0 1 -0 0 0 0 0 0 0 1 
3214-0 0 0 0 0 1 1 1 -0 0 0 0 1 0 0 0 
3216-0 0 0 0 1 0 0 0 0 0 -1 0 0 0 1 0 0 0 0 0 
3217-0 0 0 0 0 0 0 1 0 0 -0 0 0 0 0 0 1 1 1 0 
3221-0 0 0 0 0 1 0 1 -0 0 0 0 0 0 0 1 
3225-0 0 0 0 0 1 1 0 -0 0 0 0 0 0 1 0 
3227-0 0 0 0 0 0 1 1 -0 0 0 0 0 0 0 1 
3239-1 1 0 0 0 0 1 1 1 -0 0 0 0 0 0 0 0 1 
3240-0 0 1 0 0 1 0 0 0 -0 0 1 0 0 0 0 0 0 
3243-0 0 1 1 0 0 1 0 -0 0 0 0 0 0 1 0 
3244-0 0 0 1 0 1 0 0 -0 0 1 1 0 0 1 0 
3246-0 0 1 0 0 0 0 1 0 -0 0 0 0 0 0 0 1 0 
3247-0 0 0 0 0 0 0 0 0 -0 0 0 0 0 1 0 0 0 
3248-0 0 0 0 0 0 0 1 0 -0 0 1 0 0 0 0 0 0 
3249-0 0 1 0 1 0 0 0 0 -0 0 1 0 0 0 0 0 0 
3251-1 0 0 1 0 0 0 0 1 0 -0 0 0 1 0 0 0 0 0 0 
3253-0 0 0 0 0 1 0 0 0 0 -0 0 0 0 0 0 0 1 0 0 
3254-0 0 0 0 0 0 0 0 0 1 -0 0 0 0 0 1 0 0 0 1 